#FIG 3.2
Landscape
Center
Inches
Letter  
100.00
Single
-2
1200 2
2 1 0 1 0 7 50 0 -1 0.000 0 0 -1 0 0 2
	 3600 2400 3600 6000
2 1 0 1 0 7 50 0 -1 0.000 0 0 -1 0 0 2
	 6600 2400 6600 6000
2 1 0 1 0 7 50 0 -1 0.000 0 0 -1 0 0 2
	 3600 6000 6600 6000
2 1 0 1 0 7 50 0 -1 0.000 0 0 -1 0 0 6
	 3600 2400 4200 2400 4200 5400 6000 5400 6000 2400 6600 2400
2 1 0 1 0 7 50 0 -1 0.000 0 0 -1 0 0 2
	 3600 2550 4200 2550
2 1 0 1 0 7 50 0 -1 0.000 0 0 -1 0 0 2
	 6000 2550 6600 2550
2 1 0 1 0 7 50 0 -1 0.000 0 0 -1 0 0 2
	 3600 2400 3600 1800
2 1 0 1 0 7 50 0 -1 0.000 0 0 -1 0 0 2
	 6600 2400 6600 1800
2 1 0 1 0 7 50 0 -1 0.000 0 0 -1 0 0 2
	 6600 1800 5400 1800
2 1 0 1 0 7 50 0 -1 0.000 0 0 -1 0 0 2
	 3600 1800 4800 1800
2 1 0 1 0 7 50 0 -1 0.000 0 0 -1 0 0 3
	 3600 1950 4800 1950 4800 1800
2 1 0 1 0 7 50 0 -1 0.000 0 0 -1 0 0 3
	 5400 1800 5400 1950 6600 1950
2 1 0 1 0 7 50 0 -1 0.000 0 0 -1 0 0 5
	 5400 1800 5400 1650 6900 1650 6900 1800 6525 1800
2 1 0 1 0 7 50 0 -1 0.000 0 0 -1 0 0 5
	 4800 1800 4800 1650 3300 1650 3300 1800 3825 1800
2 1 0 1 0 7 50 0 -1 0.000 0 0 -1 0 0 2
	 3750 1650 3975 1950
2 1 0 1 0 7 50 0 -1 0.000 0 0 -1 0 0 2
	 3900 1650 4125 1950
2 1 0 1 0 7 50 0 -1 0.000 0 0 -1 0 0 2
	 4050 1650 4275 1950
2 1 0 1 0 7 50 0 -1 0.000 0 0 -1 0 0 2
	 4200 1650 4425 1950
2 1 0 1 0 7 50 0 -1 0.000 0 0 -1 0 0 2
	 4350 1650 4575 1950
2 1 0 1 0 7 50 0 -1 0.000 0 0 -1 0 0 2
	 4500 1650 4725 1950
2 1 0 1 0 7 50 0 -1 0.000 0 0 -1 0 0 2
	 4650 1650 4800 1875
2 1 0 1 0 7 50 0 -1 0.000 0 0 -1 0 0 2
	 3825 1950 3600 1650
2 1 0 1 0 7 50 0 -1 0.000 0 0 -1 0 0 2
	 3675 1950 3600 1950
2 1 0 1 0 7 50 0 -1 0.000 0 0 -1 0 0 2
	 5475 1650 5625 1950
2 1 0 1 0 7 50 0 -1 0.000 0 0 -1 0 0 2
	 5625 1650 5775 1950
2 1 0 1 0 7 50 0 -1 0.000 0 0 -1 0 0 2
	 5775 1650 5925 1950
2 1 0 1 0 7 50 0 -1 0.000 0 0 -1 0 0 2
	 5925 1650 6075 1950
2 1 0 1 0 7 50 0 -1 0.000 0 0 -1 0 0 2
	 6075 1650 6225 1950
2 1 0 1 0 7 50 0 -1 0.000 0 0 -1 0 0 2
	 6225 1650 6375 1950
2 1 0 1 0 7 50 0 -1 0.000 0 0 -1 0 0 2
	 6375 1650 6525 1950
2 1 0 1 0 7 50 0 -1 0.000 0 0 -1 0 0 2
	 6525 1650 6600 1800
2 1 0 1 0 7 50 0 -1 0.000 0 0 -1 0 0 2
	 6675 1650 6750 1800
2 1 0 1 0 7 50 0 -1 0.000 0 0 -1 0 0 2
	 3450 1650 3675 1950
2 1 0 1 0 7 50 0 -1 0.000 0 0 -1 0 0 2
	 3300 1650 3450 1800
2 1 0 1 0 7 50 0 -1 0.000 0 0 -1 0 0 2
	 3600 2400 3750 2550
2 1 0 1 0 7 50 0 -1 0.000 0 0 -1 0 0 2
	 3750 2400 3900 2550
2 1 0 1 0 7 50 0 -1 0.000 0 0 -1 0 0 2
	 3900 2400 4050 2550
2 1 0 1 0 7 50 0 -1 0.000 0 0 -1 0 0 2
	 4050 2400 4200 2550
2 1 0 1 0 7 50 0 -1 0.000 0 0 -1 0 0 2
	 6000 2400 6150 2550
2 1 0 1 0 7 50 0 -1 0.000 0 0 -1 0 0 2
	 6150 2400 6300 2550
2 1 0 1 0 7 50 0 -1 0.000 0 0 -1 0 0 2
	 6300 2400 6450 2550
2 1 0 1 0 7 50 0 -1 0.000 0 0 -1 0 0 2
	 6450 2400 6600 2550
2 1 0 1 0 7 50 0 -1 0.000 0 0 -1 0 0 2
	 6075 1425 6825 900
2 1 0 1 0 7 50 0 -1 0.000 0 0 -1 0 0 2
	 6375 2325 7425 2025
2 1 0 1 0 7 50 0 -1 0.000 0 0 -1 0 0 2
	 6600 3900 7725 3600
2 1 0 1 0 7 50 0 -1 0.000 0 0 -1 0 0 2
	 4200 4200 2475 3750
4 0 0 50 0 0 14 0.0000 4 195 360 2025 3825 Cup\001
4 0 0 50 0 0 14 0.0000 4 150 900 7875 3675 Outer Can\001
4 0 0 50 0 0 14 0.0000 4 195 885 7500 2100 Fiber Ring\001
4 0 0 50 0 0 14 0.0000 4 150 285 6900 975 Lid\001
