0	450	1	4.51E+191	4.51E+191	3.38E-111	0	0	6.09E-21	6.09E-21
1	449	330	2.95E+191	9.72E+193	7.28E-109	1	8.00275E-23	6.08E-21	6.16E-21
2	448	54615	1.92E+191	1.05E+196	7.86E-107	2	1.50531E-22	6.08E-21	6.23E-21
3	447	6044060	1.25E+191	7.58E+197	5.67E-105	3	2.15481E-22	6.07E-21	6.29E-21
4	446	503167995	8.17E+190	4.11E+199	3.08E-103	4	2.76503E-22	6.07E-21	6.34E-21
5	445	3.36E+10	5.32E+190	1.79E+201	1.34E-101	5	3.34486E-22	6.06E-21	6.39E-21
6	444	1.88E+12	3.46E+190	6.50E+202	4.86E-100	6	3.89998E-22	6.05E-21	6.44E-21
7	443	9.01E+13	2.25E+190	2.03E+204	1.52E-98	7	4.43418E-22	6.05E-21	6.49E-21
8	442	3.80E+15	1.46E+190	5.55E+205	4.15E-97	8	4.9504E-22	6.04E-21	6.54E-21
9	441	1.43E+17	9.49E+189	1.35E+207	1.01E-95	9	5.45074E-22	6.04E-21	6.58E-21
10	440	4.83E+18	6.15E+189	2.97E+208	2.23E-94	10	5.93698E-22	6.03E-21	6.62E-21
11	439	1.49E+20	3.99E+189	5.95E+209	4.46E-93	11	6.41044E-22	6.02E-21	6.67E-21
12	438	4.24E+21	2.58E+189	1.10E+211	8.20E-92	12	6.87234E-22	6.02E-21	6.71E-21
13	437	1.12E+23	1.67E+189	1.86E+212	1.40E-90	13	7.32355E-22	6.01E-21	6.75E-21
14	436	2.74E+24	1.08E+189	2.95E+213	2.21E-89	14	7.76501E-22	6.01E-21	6.78E-21
15	435	6.27E+25	6.97E+188	4.37E+214	3.27E-88	15	8.1973E-22	6.00E-21	6.82E-21
16	434	1.35E+27	4.50E+188	6.09E+215	4.56E-87	16	8.62105E-22	5.99E-21	6.86E-21
17	433	2.75E+28	2.90E+188	7.99E+216	5.98E-86	17	9.03694E-22	5.99E-21	6.89E-21
18	432	5.31E+29	1.87E+188	9.92E+217	7.43E-85	18	9.44525E-22	5.98E-21	6.93E-21
19	431	9.72E+30	1.20E+188	1.17E+219	8.76E-84	19	9.84653E-22	5.98E-21	6.96E-21
20	430	1.70E+32	7.75E+187	1.31E+220	9.83E-83	20	1.02411E-21	5.97E-21	6.99E-21
21	429	2.83E+33	4.98E+187	1.41E+221	1.05E-81	21	1.06294E-21	5.96E-21	7.03E-21
22	428	4.51E+34	3.20E+187	1.44E+222	1.08E-80	22	1.10116E-21	5.96E-21	7.06E-21
23	427	6.90E+35	2.05E+187	1.42E+223	1.06E-79	23	1.13881E-21	5.95E-21	7.09E-21
24	426	1.02E+37	1.32E+187	1.34E+224	1.00E-78	24	1.17591E-21	5.95E-21	7.12E-21
25	425	1.44E+38	8.43E+186	1.21E+225	9.07E-78	25	1.21248E-21	5.94E-21	7.15E-21
26	424	1.96E+39	5.39E+186	1.06E+226	7.92E-77	26	1.24856E-21	5.93E-21	7.18E-21
27	423	2.59E+40	3.45E+186	8.93E+226	6.68E-76	27	1.28415E-21	5.93E-21	7.21E-21
28	422	3.30E+41	2.20E+186	7.27E+227	5.44E-75	28	1.31927E-21	5.92E-21	7.24E-21
29	421	4.07E+42	1.41E+186	5.73E+228	4.29E-74	29	1.35396E-21	5.91E-21	7.27E-21
30	420	4.87E+43	8.98E+185	4.38E+229	3.28E-73	30	1.38821E-21	5.91E-21	7.30E-21
31	419	5.66E+44	5.72E+185	3.24E+230	2.42E-72	31	1.42205E-21	5.90E-21	7.32E-21
32	418	6.39E+45	3.64E+185	2.33E+231	1.74E-71	32	1.45549E-21	5.90E-21	7.35E-21
33	417	7.01E+46	2.32E+185	1.62E+232	1.22E-70	33	1.48854E-21	5.89E-21	7.38E-21
34	416	7.48E+47	1.47E+185	1.10E+233	8.25E-70	34	1.52122E-21	5.88E-21	7.41E-21
35	415	7.78E+48	9.36E+184	7.28E+233	5.45E-69	35	1.55354E-21	5.88E-21	7.43E-21
36	414	7.89E+49	5.94E+184	4.68E+234	3.51E-68	36	1.58551E-21	5.87E-21	7.46E-21
37	413	7.80E+50	3.76E+184	2.94E+235	2.20E-67	37	1.61713E-21	5.87E-21	7.48E-21
38	412	7.53E+51	2.38E+184	1.80E+236	1.34E-66	38	1.64843E-21	5.86E-21	7.51E-21
39	411	7.11E+52	1.51E+184	1.07E+237	8.03E-66	39	1.6794E-21	5.85E-21	7.53E-21
40	410	6.56E+53	9.54E+183	6.26E+237	4.68E-65	40	1.71006E-21	5.85E-21	7.56E-21
41	409	5.92E+54	6.03E+183	3.57E+238	2.67E-64	41	1.74042E-21	5.84E-21	7.58E-21
42	408	5.23E+55	3.80E+183	1.99E+239	1.49E-63	42	1.77049E-21	5.83E-21	7.60E-21
43	407	4.52E+56	2.40E+183	1.09E+240	8.12E-63	43	1.80026E-21	5.83E-21	7.63E-21
44	406	3.83E+57	1.51E+183	5.80E+240	4.34E-62	44	1.82976E-21	5.82E-21	7.65E-21
45	405	3.19E+58	9.51E+182	3.03E+241	2.27E-61	45	1.85898E-21	5.81E-21	7.67E-21
46	404	2.60E+59	5.98E+182	1.55E+242	1.16E-60	46	1.88794E-21	5.81E-21	7.70E-21
47	403	2.08E+60	3.76E+182	7.81E+242	5.85E-60	47	1.91663E-21	5.80E-21	7.72E-21
48	402	1.63E+61	2.36E+182	3.85E+243	2.88E-59	48	1.94508E-21	5.80E-21	7.74E-21
49	401	1.26E+62	1.48E+182	1.86E+244	1.40E-58	49	1.97327E-21	5.79E-21	7.76E-21
50	400	9.54E+62	9.27E+181	8.85E+244	6.63E-58	50	2.00122E-21	5.78E-21	7.78E-21
51	399	7.11E+63	5.80E+181	4.13E+245	3.09E-57	51	2.02894E-21	5.78E-21	7.80E-21
52	398	5.21E+64	3.63E+181	1.89E+246	1.42E-56	52	2.05642E-21	5.77E-21	7.83E-21
53	397	3.76E+65	2.27E+181	8.52E+246	6.38E-56	53	2.08368E-21	5.76E-21	7.85E-21
54	396	2.66E+66	1.42E+181	3.77E+247	2.82E-55	54	2.11071E-21	5.76E-21	7.87E-21
55	395	1.86E+67	8.83E+180	1.64E+248	1.23E-54	55	2.13753E-21	5.75E-21	7.89E-21
56	394	1.28E+68	5.50E+180	7.03E+248	5.26E-54	56	2.16413E-21	5.74E-21	7.91E-21
57	393	8.66E+68	3.42E+180	2.96E+249	2.22E-53	57	2.19053E-21	5.74E-21	7.93E-21
58	392	5.78E+69	2.13E+180	1.23E+250	9.21E-53	58	2.21673E-21	5.73E-21	7.95E-21
59	391	3.80E+70	1.32E+180	5.03E+250	3.76E-52	59	2.24272E-21	5.72E-21	7.97E-21
60	390	2.46E+71	8.21E+179	2.02E+251	1.51E-51	60	2.26851E-21	5.72E-21	7.99E-21
61	389	1.58E+72	5.09E+179	8.02E+251	6.00E-51	61	2.29412E-21	5.71E-21	8.00E-21
62	388	9.93E+72	3.15E+179	3.13E+252	2.34E-50	62	2.31953E-21	5.70E-21	8.02E-21
63	387	6.18E+73	1.95E+179	1.21E+253	9.03E-50	63	2.34476E-21	5.70E-21	8.04E-21
64	386	3.79E+74	1.21E+179	4.58E+253	3.43E-49	64	2.3698E-21	5.69E-21	8.06E-21
65	385	2.30E+75	7.45E+178	1.71E+254	1.28E-48	65	2.39467E-21	5.68E-21	8.08E-21
66	384	1.38E+76	4.60E+178	6.33E+254	4.74E-48	66	2.41936E-21	5.68E-21	8.10E-21
67	383	8.14E+76	2.83E+178	2.31E+255	1.73E-47	67	2.44388E-21	5.67E-21	8.11E-21
68	382	4.75E+77	1.74E+178	8.29E+255	6.20E-47	68	2.46823E-21	5.66E-21	8.13E-21
69	381	2.74E+78	1.07E+178	2.94E+256	2.20E-46	69	2.49241E-21	5.66E-21	8.15E-21
70	380	1.56E+79	6.59E+177	1.03E+257	7.71E-46	70	2.51643E-21	5.65E-21	8.17E-21
71	379	8.80E+79	4.05E+177	3.56E+257	2.67E-45	71	2.54029E-21	5.64E-21	8.18E-21
72	378	4.90E+80	2.48E+177	1.22E+258	9.11E-45	72	2.56399E-21	5.64E-21	8.20E-21
73	377	2.70E+81	1.52E+177	4.10E+258	3.07E-44	73	2.58753E-21	5.63E-21	8.22E-21
74	376	1.47E+82	9.31E+176	1.37E+259	1.02E-43	74	2.61092E-21	5.62E-21	8.23E-21
75	375	7.92E+82	5.69E+176	4.50E+259	3.37E-43	75	2.63416E-21	5.62E-21	8.25E-21
76	374	4.22E+83	3.48E+176	1.47E+260	1.10E-42	76	2.65724E-21	5.61E-21	8.27E-21
77	373	2.22E+84	2.12E+176	4.72E+260	3.53E-42	77	2.68019E-21	5.60E-21	8.28E-21
78	372	1.16E+85	1.29E+176	1.50E+261	1.12E-41	78	2.70299E-21	5.60E-21	8.30E-21
79	371	5.99E+85	7.87E+175	4.72E+261	3.53E-41	79	2.72564E-21	5.59E-21	8.31E-21
80	370	3.06E+86	4.79E+175	1.47E+262	1.10E-40	80	2.74816E-21	5.58E-21	8.33E-21
81	369	1.55E+87	2.91E+175	4.51E+262	3.38E-40	81	2.77054E-21	5.58E-21	8.35E-21
82	368	7.77E+87	1.77E+175	1.37E+263	1.03E-39	82	2.79278E-21	5.57E-21	8.36E-21
83	367	3.86E+88	1.07E+175	4.13E+263	3.09E-39	83	2.81489E-21	5.56E-21	8.38E-21
84	366	1.90E+89	6.48E+174	1.23E+264	9.20E-39	84	2.83687E-21	5.55E-21	8.39E-21
85	365	9.24E+89	3.92E+174	3.62E+264	2.71E-38	85	2.85872E-21	5.55E-21	8.41E-21
86	364	4.46E+90	2.37E+174	1.06E+265	7.91E-38	86	2.88044E-21	5.54E-21	8.42E-21
87	363	2.13E+91	1.43E+174	3.05E+265	2.28E-37	87	2.90203E-21	5.53E-21	8.44E-21
88	362	1.01E+92	8.62E+173	8.71E+265	6.52E-37	88	2.9235E-21	5.53E-21	8.45E-21
89	361	4.75E+92	5.19E+173	2.46E+266	1.84E-36	89	2.94485E-21	5.52E-21	8.46E-21
90	360	2.21E+93	3.12E+173	6.90E+266	5.17E-36	90	2.96607E-21	5.51E-21	8.48E-21
91	359	1.02E+94	1.88E+173	1.92E+267	1.43E-35	91	2.98719E-21	5.51E-21	8.49E-21
92	358	4.67E+94	1.13E+173	5.26E+267	3.94E-35	92	3.00817E-21	5.50E-21	8.51E-21
93	357	2.12E+95	6.76E+172	1.43E+268	1.07E-34	93	3.02904E-21	5.49E-21	8.52E-21
94	356	9.53E+95	4.05E+172	3.86E+268	2.89E-34	94	3.0498E-21	5.48E-21	8.53E-21
95	355	4.25E+96	2.42E+172	1.03E+269	7.71E-34	95	3.07044E-21	5.48E-21	8.55E-21
96	354	1.88E+97	1.45E+172	2.73E+269	2.04E-33	96	3.09097E-21	5.47E-21	8.56E-21
97	353	8.27E+97	8.64E+171	7.15E+269	5.35E-33	97	3.11139E-21	5.46E-21	8.57E-21
98	352	3.60E+98	5.15E+171	1.86E+270	1.39E-32	98	3.1317E-21	5.46E-21	8.59E-21
99	351	1.56E+99	3.07E+171	4.78E+270	3.58E-32	99	3.1519E-21	5.45E-21	8.60E-21
100	350	6.68E+99	1.83E+171	1.22E+271	9.13E-32	100	3.172E-21	5.44E-21	8.61E-21
101	349	2.85E+100	1.09E+171	3.09E+271	2.31E-31	101	3.192E-21	5.43E-21	8.63E-21
102	348	1.20E+101	6.44E+170	7.74E+271	5.80E-31	102	3.21188E-21	5.43E-21	8.64E-21
103	347	5.04E+101	3.82E+170	1.93E+272	1.44E-30	103	3.23167E-21	5.42E-21	8.65E-21
104	346	2.10E+102	2.26E+170	4.75E+272	3.55E-30	104	3.25135E-21	5.41E-21	8.66E-21
105	345	8.68E+102	1.34E+170	1.16E+273	8.69E-30	105	3.27093E-21	5.41E-21	8.68E-21
106	344	3.56E+103	7.90E+169	2.81E+273	2.11E-29	106	3.29042E-21	5.40E-21	8.69E-21
107	343	1.45E+104	4.66E+169	6.76E+273	5.06E-29	107	3.30981E-21	5.39E-21	8.70E-21
108	342	5.87E+104	2.75E+169	1.61E+274	1.21E-28	108	3.32909E-21	5.38E-21	8.71E-21
109	341	2.36E+105	1.62E+169	3.82E+274	2.86E-28	109	3.34829E-21	5.38E-21	8.73E-21
110	340	9.41E+105	9.51E+168	8.95E+274	6.70E-28	110	3.36739E-21	5.37E-21	8.74E-21
111	339	3.73E+106	5.58E+168	2.08E+275	1.56E-27	111	3.3864E-21	5.36E-21	8.75E-21
112	338	1.47E+107	3.28E+168	4.81E+275	3.60E-27	112	3.4053E-21	5.35E-21	8.76E-21
113	337	5.75E+107	1.92E+168	1.10E+276	8.25E-27	113	3.42413E-21	5.35E-21	8.77E-21
114	336	2.23E+108	1.12E+168	2.51E+276	1.88E-26	114	3.44286E-21	5.34E-21	8.78E-21
115	335	8.62E+108	6.56E+167	5.66E+276	4.23E-26	115	3.4615E-21	5.33E-21	8.79E-21
116	334	3.31E+109	3.83E+167	1.27E+277	9.48E-26	116	3.48006E-21	5.33E-21	8.81E-21
117	333	1.26E+110	2.23E+167	2.81E+277	2.11E-25	117	3.49852E-21	5.32E-21	8.82E-21
118	332	4.78E+110	1.30E+167	6.20E+277	4.64E-25	118	3.5169E-21	5.31E-21	8.83E-21
119	331	1.80E+111	7.55E+166	1.36E+278	1.02E-24	119	3.5352E-21	5.30E-21	8.84E-21
120	330	6.73E+111	4.39E+166	2.95E+278	2.21E-24	120	3.55341E-21	5.30E-21	8.85E-21
121	329	2.50E+112	2.54E+166	6.36E+278	4.76E-24	121	3.57153E-21	5.29E-21	8.86E-21
122	328	9.25E+112	1.47E+166	1.36E+279	1.02E-23	122	3.58958E-21	5.28E-21	8.87E-21
123	327	3.40E+113	8.52E+165	2.90E+279	2.17E-23	123	3.60754E-21	5.27E-21	8.88E-21
124	326	1.24E+114	4.92E+165	6.11E+279	4.58E-23	124	3.62542E-21	5.26E-21	8.89E-21
125	325	4.51E+114	2.84E+165	1.28E+280	9.59E-23	125	3.64321E-21	5.26E-21	8.90E-21
126	324	1.63E+115	1.64E+165	2.67E+280	2.00E-22	126	3.66094E-21	5.25E-21	8.91E-21
127	323	5.85E+115	9.42E+164	5.51E+280	4.12E-22	127	3.67857E-21	5.24E-21	8.92E-21
128	322	2.09E+116	5.41E+164	1.13E+281	8.46E-22	128	3.69614E-21	5.23E-21	8.93E-21
129	321	7.41E+116	3.11E+164	2.30E+281	1.72E-21	129	3.71362E-21	5.23E-21	8.94E-21
130	320	2.62E+117	1.78E+164	4.66E+281	3.49E-21	130	3.73103E-21	5.22E-21	8.95E-21
131	319	9.19E+117	1.02E+164	9.37E+281	7.02E-21	131	3.74837E-21	5.21E-21	8.96E-21
132	318	3.21E+118	5.83E+163	1.87E+282	1.40E-20	132	3.76562E-21	5.20E-21	8.97E-21
133	317	1.12E+119	3.33E+163	3.71E+282	2.78E-20	133	3.78281E-21	5.20E-21	8.98E-21
134	316	3.85E+119	1.90E+163	7.31E+282	5.47E-20	134	3.79992E-21	5.19E-21	8.99E-21
135	315	1.32E+120	1.08E+163	1.43E+283	1.07E-19	135	3.81695E-21	5.18E-21	9.00E-21
136	314	4.53E+120	6.14E+162	2.78E+283	2.08E-19	136	3.83392E-21	5.17E-21	9.01E-21
137	313	1.54E+121	3.49E+162	5.37E+283	4.02E-19	137	3.85082E-21	5.16E-21	9.02E-21
138	312	5.21E+121	1.98E+162	1.03E+284	7.72E-19	138	3.86764E-21	5.16E-21	9.02E-21
139	311	1.76E+122	1.12E+162	1.97E+284	1.47E-18	139	3.88439E-21	5.15E-21	9.03E-21
140	310	5.88E+122	6.33E+161	3.72E+284	2.79E-18	140	3.90108E-21	5.14E-21	9.04E-21
141	309	1.96E+123	3.58E+161	7.01E+284	5.25E-18	141	3.91769E-21	5.13E-21	9.05E-21
142	308	6.50E+123	2.02E+161	1.31E+285	9.81E-18	142	3.93424E-21	5.13E-21	9.06E-21
143	307	2.15E+124	1.14E+161	2.44E+285	1.82E-17	143	3.95071E-21	5.12E-21	9.07E-21
144	306	7.05E+124	6.38E+160	4.50E+285	3.37E-17	144	3.96713E-21	5.11E-21	9.08E-21
145	305	2.30E+125	3.58E+160	8.26E+285	6.18E-17	145	3.98347E-21	5.10E-21	9.09E-21
146	304	7.49E+125	2.01E+160	1.51E+286	1.13E-16	146	3.99975E-21	5.09E-21	9.09E-21
147	303	2.43E+126	1.13E+160	2.73E+286	2.04E-16	147	4.01597E-21	5.09E-21	9.10E-21
148	302	7.82E+126	6.29E+159	4.92E+286	3.68E-16	148	4.03212E-21	5.08E-21	9.11E-21
149	301	2.51E+127	3.51E+159	8.81E+286	6.59E-16	149	4.04821E-21	5.07E-21	9.12E-21
150	300	8.01E+127	1.96E+159	1.57E+287	1.17E-15	150	4.06423E-21	5.06E-21	9.13E-21
151	299	2.55E+128	1.09E+159	2.77E+287	2.08E-15	151	4.08019E-21	5.05E-21	9.13E-21
152	298	8.06E+128	6.05E+158	4.88E+287	3.65E-15	152	4.09608E-21	5.05E-21	9.14E-21
153	297	2.54E+129	3.36E+158	8.53E+287	6.39E-15	153	4.11192E-21	5.04E-21	9.15E-21
154	296	7.96E+129	1.86E+158	1.48E+288	1.11E-14	154	4.12769E-21	5.03E-21	9.16E-21
155	295	2.49E+130	1.03E+158	2.56E+288	1.92E-14	155	4.14341E-21	5.02E-21	9.16E-21
156	294	7.73E+130	5.69E+157	4.40E+288	3.29E-14	156	4.15906E-21	5.01E-21	9.17E-21
157	293	2.39E+131	3.14E+157	7.51E+288	5.62E-14	157	4.17465E-21	5.00E-21	9.18E-21
158	292	7.38E+131	1.73E+157	1.28E+289	9.54E-14	158	4.19019E-21	5.00E-21	9.19E-21
159	291	2.26E+132	9.51E+156	2.15E+289	1.61E-13	159	4.20567E-21	4.99E-21	9.19E-21
160	290	6.92E+132	5.22E+156	3.61E+289	2.70E-13	160	4.22108E-21	4.98E-21	9.20E-21
161	289	2.11E+133	2.86E+156	6.02E+289	4.51E-13	161	4.23644E-21	4.97E-21	9.21E-21
162	288	6.38E+133	1.57E+156	9.99E+289	7.48E-13	162	4.25174E-21	4.96E-21	9.21E-21
163	287	1.93E+134	8.56E+155	1.65E+290	1.23E-12	163	4.26699E-21	4.95E-21	9.22E-21
164	286	5.79E+134	4.67E+155	2.70E+290	2.02E-12	164	4.28218E-21	4.95E-21	9.23E-21
165	285	1.73E+135	2.54E+155	4.41E+290	3.30E-12	165	4.29731E-21	4.94E-21	9.24E-21
166	284	5.17E+135	1.38E+155	7.15E+290	5.35E-12	166	4.31239E-21	4.93E-21	9.24E-21
167	283	1.54E+136	7.51E+154	1.15E+291	8.64E-12	167	4.32741E-21	4.92E-21	9.25E-21
168	282	4.54E+136	4.07E+154	1.85E+291	1.39E-11	168	4.34238E-21	4.91E-21	9.26E-21
169	281	1.34E+137	2.21E+154	2.95E+291	2.21E-11	169	4.3573E-21	4.90E-21	9.26E-21
170	280	3.93E+137	1.19E+154	4.68E+291	3.50E-11	170	4.37215E-21	4.90E-21	9.27E-21
171	279	1.15E+138	6.43E+153	7.38E+291	5.53E-11	171	4.38696E-21	4.89E-21	9.27E-21
172	278	3.35E+138	3.46E+153	1.16E+292	8.67E-11	172	4.40171E-21	4.88E-21	9.28E-21
173	277	9.71E+138	1.86E+153	1.81E+292	1.35E-10	173	4.41641E-21	4.87E-21	9.29E-21
174	276	2.81E+139	9.99E+152	2.81E+292	2.10E-10	174	4.43106E-21	4.86E-21	9.29E-21
175	275	8.08E+139	5.36E+152	4.33E+292	3.24E-10	175	4.44566E-21	4.85E-21	9.30E-21
176	274	2.32E+140	2.87E+152	6.65E+292	4.98E-10	176	4.46021E-21	4.84E-21	9.30E-21
177	273	6.63E+140	1.53E+152	1.02E+293	7.60E-10	177	4.4747E-21	4.84E-21	9.31E-21
178	272	1.89E+141	8.16E+151	1.54E+293	1.15E-09	178	4.48915E-21	4.83E-21	9.32E-21
179	271	5.36E+141	4.34E+151	2.33E+293	1.74E-09	179	4.50354E-21	4.82E-21	9.32E-21
180	270	1.52E+142	2.31E+151	3.50E+293	2.62E-09	180	4.51789E-21	4.81E-21	9.33E-21
181	269	4.27E+142	1.22E+151	5.23E+293	3.91E-09	181	4.53218E-21	4.80E-21	9.33E-21
182	268	1.20E+143	6.48E+150	7.77E+293	5.82E-09	182	4.54643E-21	4.79E-21	9.34E-21
183	267	3.36E+143	3.43E+150	1.15E+294	8.61E-09	183	4.56063E-21	4.78E-21	9.34E-21
184	266	9.35E+143	1.81E+150	1.69E+294	1.27E-08	184	4.57478E-21	4.77E-21	9.35E-21
185	265	2.60E+144	9.52E+149	2.48E+294	1.85E-08	185	4.58888E-21	4.77E-21	9.35E-21
186	264	7.20E+144	5.01E+149	3.60E+294	2.70E-08	186	4.60293E-21	4.76E-21	9.36E-21
187	263	1.99E+145	2.63E+149	5.22E+294	3.91E-08	187	4.61694E-21	4.75E-21	9.36E-21
188	262	5.46E+145	1.38E+149	7.52E+294	5.63E-08	188	4.6309E-21	4.74E-21	9.37E-21
189	261	1.50E+146	7.20E+148	1.08E+295	8.07E-08	189	4.64482E-21	4.73E-21	9.37E-21
190	260	4.09E+146	3.76E+148	1.54E+295	1.15E-07	190	4.65868E-21	4.72E-21	9.38E-21
191	259	1.11E+147	1.96E+148	2.18E+295	1.63E-07	191	4.6725E-21	4.71E-21	9.38E-21
192	258	3.02E+147	1.02E+148	3.08E+295	2.30E-07	192	4.68628E-21	4.70E-21	9.39E-21
193	257	8.17E+147	5.29E+147	4.32E+295	3.23E-07	193	4.70001E-21	4.69E-21	9.39E-21
194	256	2.20E+148	2.74E+147	6.03E+295	4.52E-07	194	4.71369E-21	4.68E-21	9.40E-21
195	255	5.92E+148	1.42E+147	8.39E+295	6.28E-07	195	4.72733E-21	4.68E-21	9.40E-21
196	254	1.59E+149	7.31E+146	1.16E+296	8.68E-07	196	4.74093E-21	4.67E-21	9.41E-21
197	253	4.23E+149	3.77E+146	1.60E+296	1.19E-06	197	4.75448E-21	4.66E-21	9.41E-21
198	252	1.13E+150	1.94E+146	2.18E+296	1.63E-06	198	4.76799E-21	4.65E-21	9.42E-21
199	251	2.99E+150	9.95E+145	2.97E+296	2.23E-06	199	4.78146E-21	4.64E-21	9.42E-21
200	250	7.91E+150	5.10E+145	4.03E+296	3.02E-06	200	4.79488E-21	4.63E-21	9.42E-21
201	249	2.08E+151	2.61E+145	5.43E+296	4.06E-06	201	4.80826E-21	4.62E-21	9.43E-21
202	248	5.48E+151	1.33E+145	7.28E+296	5.45E-06	202	4.8216E-21	4.61E-21	9.43E-21
203	247	1.44E+152	6.77E+144	9.72E+296	7.28E-06	203	4.8349E-21	4.60E-21	9.44E-21
204	246	3.75E+152	3.44E+144	1.29E+297	9.66E-06	204	4.84815E-21	4.59E-21	9.44E-21
205	245	9.77E+152	1.75E+144	1.71E+297	1.28E-05	205	4.86136E-21	4.58E-21	9.44E-21
206	244	2.54E+153	8.83E+143	2.24E+297	1.68E-05	206	4.87453E-21	4.57E-21	9.45E-21
207	243	6.57E+153	4.46E+143	2.93E+297	2.20E-05	207	4.88766E-21	4.56E-21	9.45E-21
208	242	1.70E+154	2.25E+143	3.82E+297	2.86E-05	208	4.90075E-21	4.56E-21	9.46E-21
209	241	4.37E+154	1.13E+143	4.94E+297	3.70E-05	209	4.9138E-21	4.55E-21	9.46E-21
210	240	1.12E+155	5.68E+142	6.37E+297	4.77E-05	210	4.92681E-21	4.54E-21	9.46E-21
211	239	2.87E+155	2.85E+142	8.17E+297	6.11E-05	211	4.93977E-21	4.53E-21	9.47E-21
212	238	7.32E+155	1.42E+142	1.04E+298	7.80E-05	212	4.9527E-21	4.52E-21	9.47E-21
213	237	1.86E+156	7.10E+141	1.32E+298	9.91E-05	213	4.96559E-21	4.51E-21	9.47E-21
214	236	4.73E+156	3.54E+141	1.67E+298	0.00013	214	4.97844E-21	4.50E-21	9.48E-21
215	235	1.20E+157	1.76E+141	2.10E+298	0.00016	215	4.99125E-21	4.49E-21	9.48E-21
216	234	3.02E+157	8.71E+140	2.63E+298	0.0002	216	5.00402E-21	4.48E-21	9.48E-21
217	233	7.59E+157	4.31E+140	3.27E+298	0.00024	217	5.01676E-21	4.47E-21	9.49E-21
218	232	1.91E+158	2.13E+140	4.05E+298	0.0003	218	5.02945E-21	4.46E-21	9.49E-21
219	231	4.77E+158	1.05E+140	5.00E+298	0.00037	219	5.04211E-21	4.45E-21	9.49E-21
220	230	1.19E+159	5.15E+139	6.13E+298	0.00046	220	5.05473E-21	4.44E-21	9.49E-21
221	229	2.96E+159	2.53E+139	7.48E+298	0.00056	221	5.06731E-21	4.43E-21	9.50E-21
222	228	7.35E+159	1.24E+139	9.08E+298	0.00068	222	5.07986E-21	4.42E-21	9.50E-21
223	227	1.82E+160	6.03E+138	1.10E+299	0.00082	223	5.09236E-21	4.41E-21	9.50E-21
224	226	4.49E+160	2.94E+138	1.32E+299	0.00099	224	5.10484E-21	4.40E-21	9.50E-21
225	225	1.11E+161	1.43E+138	1.58E+299	0.00118	225	5.11727E-21	4.39E-21	9.51E-21
226	224	2.72E+161	6.93E+137	1.88E+299	0.00141	226	5.12967E-21	4.38E-21	9.51E-21
227	223	6.65E+161	3.35E+137	2.23E+299	0.00167	227	5.14203E-21	4.37E-21	9.51E-21
228	222	1.63E+162	1.62E+137	2.63E+299	0.00197	228	5.15436E-21	4.36E-21	9.51E-21
229	221	3.96E+162	7.79E+136	3.08E+299	0.00231	229	5.16665E-21	4.35E-21	9.52E-21
230	220	9.62E+162	3.74E+136	3.60E+299	0.0027	230	5.1789E-21	4.34E-21	9.52E-21
231	219	2.33E+163	1.79E+136	4.18E+299	0.00313	231	5.19113E-21	4.33E-21	9.52E-21
232	218	5.64E+163	8.58E+135	4.84E+299	0.00362	232	5.20331E-21	4.32E-21	9.52E-21
233	217	1.36E+164	4.09E+135	5.57E+299	0.00417	233	5.21546E-21	4.31E-21	9.52E-21
234	216	3.27E+164	1.95E+135	6.37E+299	0.00477	234	5.22758E-21	4.30E-21	9.53E-21
235	215	7.86E+164	9.24E+134	7.26E+299	0.00544	235	5.23966E-21	4.29E-21	9.53E-21
236	214	1.88E+165	4.38E+134	8.23E+299	0.00616	236	5.25171E-21	4.28E-21	9.53E-21
237	213	4.49E+165	2.07E+134	9.29E+299	0.00695	237	5.26372E-21	4.27E-21	9.53E-21
238	212	1.07E+166	9.74E+133	1.04E+300	0.00781	238	5.2757E-21	4.26E-21	9.53E-21
239	211	2.54E+166	4.58E+133	1.17E+300	0.00872	239	5.28764E-21	4.25E-21	9.53E-21
240	210	6.03E+166	2.15E+133	1.30E+300	0.00969	240	5.29956E-21	4.24E-21	9.54E-21
241	209	1.43E+167	1.00E+133	1.43E+300	0.01072	241	5.31143E-21	4.23E-21	9.54E-21
242	208	3.37E+167	4.69E+132	1.58E+300	0.0118	242	5.32328E-21	4.22E-21	9.54E-21
243	207	7.92E+167	2.18E+132	1.73E+300	0.01293	243	5.3351E-21	4.21E-21	9.54E-21
244	206	1.86E+168	1.01E+132	1.88E+300	0.01409	244	5.34688E-21	4.19E-21	9.54E-21
245	205	4.36E+168	4.69E+131	2.04E+300	0.01528	245	5.35863E-21	4.18E-21	9.54E-21
246	204	1.02E+169	2.16E+131	2.20E+300	0.01649	246	5.37035E-21	4.17E-21	9.54E-21
247	203	2.38E+169	9.96E+130	2.37E+300	0.01771	247	5.38203E-21	4.16E-21	9.54E-21
248	202	5.53E+169	4.58E+130	2.53E+300	0.01893	248	5.39368E-21	4.15E-21	9.55E-21
249	201	1.28E+170	2.10E+130	2.69E+300	0.02013	249	5.4053E-21	4.14E-21	9.55E-21
250	200	2.97E+170	9.57E+129	2.84E+300	0.02129	250	5.41689E-21	4.13E-21	9.55E-21
251	199	6.87E+170	4.36E+129	2.99E+300	0.02242	251	5.42845E-21	4.12E-21	9.55E-21
252	198	1.58E+171	1.98E+129	3.14E+300	0.02348	252	5.43998E-21	4.11E-21	9.55E-21
253	197	3.64E+171	8.98E+128	3.27E+300	0.02447	253	5.45147E-21	4.10E-21	9.55E-21
254	196	8.36E+171	4.06E+128	3.39E+300	0.02538	254	5.46294E-21	4.09E-21	9.55E-21
255	195	1.91E+172	1.83E+128	3.50E+300	0.02619	255	5.47437E-21	4.08E-21	9.55E-21
256	194	4.37E+172	8.21E+127	3.59E+300	0.02689	256	5.48578E-21	4.06E-21	9.55E-21
257	193	9.97E+172	3.68E+127	3.67E+300	0.02747	257	5.49715E-21	4.05E-21	9.55E-21
258	192	2.27E+173	1.64E+127	3.73E+300	0.02792	258	5.5085E-21	4.04E-21	9.55E-21
259	191	5.15E+173	7.32E+126	3.77E+300	0.02824	259	5.51982E-21	4.03E-21	9.55E-21
260	190	1.17E+174	3.25E+126	3.80E+300	0.02842	260	5.5311E-21	4.02E-21	9.55E-21
261	189	2.64E+174	1.44E+126	3.80E+300	0.02845	261	5.54235E-21	4.01E-21	9.55E-21
262	188	5.95E+174	6.36E+125	3.79E+300	0.02834	262	5.55358E-21	4.00E-21	9.55E-21
263	187	1.34E+175	2.80E+125	3.75E+300	0.02809	263	5.56478E-21	3.99E-21	9.55E-21
264	186	3.01E+175	1.23E+125	3.70E+300	0.02769	264	5.57595E-21	3.97E-21	9.55E-21
265	185	6.74E+175	5.38E+124	3.63E+300	0.02717	265	5.58708E-21	3.96E-21	9.55E-21
266	184	1.51E+176	2.35E+124	3.54E+300	0.02651	266	5.5982E-21	3.95E-21	9.55E-21
267	183	3.37E+176	1.02E+124	3.44E+300	0.02574	267	5.60928E-21	3.94E-21	9.55E-21
268	182	7.50E+176	4.43E+123	3.32E+300	0.02487	268	5.62033E-21	3.93E-21	9.55E-21
269	181	1.67E+177	1.91E+123	3.19E+300	0.0239	269	5.63135E-21	3.92E-21	9.55E-21
270	180	3.70E+177	8.25E+122	3.05E+300	0.02285	270	5.64235E-21	3.91E-21	9.55E-21
271	179	8.19E+177	3.54E+122	2.90E+300	0.02173	271	5.65332E-21	3.89E-21	9.55E-21
272	178	1.81E+178	1.52E+122	2.75E+300	0.02056	272	5.66426E-21	3.88E-21	9.55E-21
273	177	3.99E+178	6.48E+121	2.59E+300	0.01936	273	5.67517E-21	3.87E-21	9.55E-21
274	176	8.78E+178	2.76E+121	2.42E+300	0.01813	274	5.68605E-21	3.86E-21	9.54E-21
275	175	1.93E+179	1.17E+121	2.26E+300	0.01688	275	5.69691E-21	3.85E-21	9.54E-21
276	174	4.23E+179	4.94E+120	2.09E+300	0.01564	276	5.70774E-21	3.84E-21	9.54E-21
277	173	9.25E+179	2.08E+120	1.93E+300	0.01442	277	5.71855E-21	3.82E-21	9.54E-21
278	172	2.02E+180	8.74E+119	1.77E+300	0.01322	278	5.72932E-21	3.81E-21	9.54E-21
279	171	4.40E+180	3.66E+119	1.61E+300	0.01206	279	5.74007E-21	3.80E-21	9.54E-21
280	170	9.57E+180	1.53E+119	1.46E+300	0.01094	280	5.7508E-21	3.79E-21	9.54E-21
281	169	2.08E+181	6.34E+118	1.32E+300	0.00987	281	5.76149E-21	3.78E-21	9.54E-21
282	168	4.50E+181	2.63E+118	1.18E+300	0.00886	282	5.77216E-21	3.76E-21	9.54E-21
283	167	9.74E+181	1.08E+118	1.06E+300	0.00791	283	5.78281E-21	3.75E-21	9.53E-21
284	166	2.10E+182	4.46E+117	9.38E+299	0.00702	284	5.79342E-21	3.74E-21	9.53E-21
285	165	4.53E+182	1.83E+117	8.28E+299	0.0062	285	5.80401E-21	3.73E-21	9.53E-21
286	164	9.74E+182	7.47E+116	7.27E+299	0.00544	286	5.81458E-21	3.71E-21	9.53E-21
287	163	2.09E+183	3.04E+116	6.35E+299	0.00475	287	5.82512E-21	3.70E-21	9.53E-21
288	162	4.48E+183	1.23E+116	5.52E+299	0.00413	288	5.83564E-21	3.69E-21	9.52E-21
289	161	9.58E+183	4.98E+115	4.77E+299	0.00357	289	5.84612E-21	3.68E-21	9.52E-21
290	160	2.04E+184	2.00E+115	4.09E+299	0.00307	290	5.85659E-21	3.66E-21	9.52E-21
291	159	4.35E+184	8.03E+114	3.50E+299	0.00262	291	5.86703E-21	3.65E-21	9.52E-21
292	158	9.26E+184	3.21E+114	2.97E+299	0.00222	292	5.87744E-21	3.64E-21	9.52E-21
293	157	1.97E+185	1.28E+114	2.51E+299	0.00188	293	5.88783E-21	3.63E-21	9.51E-21
294	156	4.17E+185	5.06E+113	2.11E+299	0.00158	294	5.89819E-21	3.61E-21	9.51E-21
295	155	8.81E+185	2.00E+113	1.76E+299	0.00132	295	5.90853E-21	3.60E-21	9.51E-21
296	154	1.86E+186	7.87E+112	1.46E+299	0.0011	296	5.91885E-21	3.59E-21	9.51E-21
297	153	3.92E+186	3.08E+112	1.21E+299	0.00091	297	5.92913E-21	3.57E-21	9.50E-21
298	152	8.25E+186	1.20E+112	9.93E+298	0.00074	298	5.9394E-21	3.56E-21	9.50E-21
299	151	1.73E+187	4.68E+111	8.11E+298	0.00061	299	5.94964E-21	3.55E-21	9.50E-21
300	150	3.63E+187	1.81E+111	6.58E+298	0.00049	300	5.95986E-21	3.54E-21	9.50E-21
301	149	7.61E+187	6.98E+110	5.31E+298	0.0004	301	5.97005E-21	3.52E-21	9.49E-21
302	148	1.59E+188	2.68E+110	4.26E+298	0.00032	302	5.98022E-21	3.51E-21	9.49E-21
303	147	3.31E+188	1.03E+110	3.40E+298	0.00025	303	5.99036E-21	3.50E-21	9.49E-21
304	146	6.90E+188	3.91E+109	2.70E+298	0.0002	304	6.00048E-21	3.48E-21	9.48E-21
305	145	1.44E+189	1.48E+109	2.13E+298	0.00016	305	6.01059E-21	3.47E-21	9.48E-21
306	144	2.98E+189	5.59E+108	1.67E+298	0.00012	306	6.02066E-21	3.46E-21	9.48E-21
307	143	6.17E+189	2.10E+108	1.30E+298	9.71E-05	307	6.03071E-21	3.44E-21	9.47E-21
308	142	1.28E+190	7.87E+107	1.00E+298	7.52E-05	308	6.04074E-21	3.43E-21	9.47E-21
309	141	2.63E+190	2.93E+107	7.73E+297	5.78E-05	309	6.05074E-21	3.41E-21	9.47E-21
310	140	5.43E+190	1.09E+107	5.91E+297	4.42E-05	310	6.06072E-21	3.40E-21	9.46E-21
311	139	1.12E+191	4.02E+106	4.49E+297	3.36E-05	311	6.07068E-21	3.39E-21	9.46E-21
312	138	2.30E+191	1.48E+106	3.39E+297	2.54E-05	312	6.08062E-21	3.37E-21	9.45E-21
313	137	4.71E+191	5.41E+105	2.55E+297	1.91E-05	313	6.09053E-21	3.36E-21	9.45E-21
314	136	9.64E+191	1.97E+105	1.90E+297	1.42E-05	314	6.10042E-21	3.35E-21	9.45E-21
315	135	1.97E+192	7.15E+104	1.41E+297	1.06E-05	315	6.11029E-21	3.33E-21	9.44E-21
316	134	4.02E+192	2.58E+104	1.04E+297	7.78E-06	316	6.12014E-21	3.32E-21	9.44E-21
317	133	8.20E+192	9.28E+103	7.60E+296	5.69E-06	317	6.12996E-21	3.30E-21	9.43E-21
318	132	1.67E+193	3.32E+103	5.53E+296	4.14E-06	318	6.13977E-21	3.29E-21	9.43E-21
319	131	3.39E+193	1.18E+103	4.00E+296	2.99E-06	319	6.14954E-21	3.28E-21	9.42E-21
320	130	6.87E+193	4.18E+102	2.87E+296	2.15E-06	320	6.1593E-21	3.26E-21	9.42E-21
321	129	1.39E+194	1.47E+102	2.05E+296	1.53E-06	321	6.16904E-21	3.25E-21	9.42E-21
322	128	2.81E+194	5.16E+101	1.45E+296	1.09E-06	322	6.17875E-21	3.23E-21	9.41E-21
323	127	5.68E+194	1.80E+101	1.02E+296	7.65E-07	323	6.18845E-21	3.22E-21	9.41E-21
324	126	1.14E+195	6.24E+100	7.15E+295	5.35E-07	324	6.19811E-21	3.20E-21	9.40E-21
325	125	2.30E+195	2.16E+100	4.96E+295	3.72E-07	325	6.20777E-21	3.19E-21	9.40E-21
326	124	4.63E+195	7.40E+99	3.43E+295	2.56E-07	326	6.2174E-21	3.17E-21	9.39E-21
327	123	9.28E+195	2.53E+99	2.35E+295	1.76E-07	327	6.22701E-21	3.16E-21	9.39E-21
328	122	1.86E+196	8.59E+98	1.60E+295	1.20E-07	328	6.23659E-21	3.14E-21	9.38E-21
329	121	3.72E+196	2.90E+98	1.08E+295	8.08E-08	329	6.24616E-21	3.13E-21	9.37E-21
330	120	7.43E+196	9.76E+97	7.25E+294	5.43E-08	330	6.2557E-21	3.11E-21	9.37E-21
331	119	1.48E+197	3.26E+97	4.83E+294	3.62E-08	331	6.26523E-21	3.10E-21	9.36E-21
332	118	2.95E+197	1.08E+97	3.20E+294	2.39E-08	332	6.27473E-21	3.08E-21	9.36E-21
333	117	5.86E+197	3.58E+96	2.10E+294	1.57E-08	333	6.28421E-21	3.07E-21	9.35E-21
334	116	1.16E+198	1.18E+96	1.37E+294	1.03E-08	334	6.29367E-21	3.05E-21	9.35E-21
335	115	2.31E+198	3.85E+95	8.88E+293	6.64E-09	335	6.30311E-21	3.04E-21	9.34E-21
336	114	4.56E+198	1.25E+95	5.71E+293	4.27E-09	336	6.31253E-21	3.02E-21	9.33E-21
337	113	9.02E+198	4.04E+94	3.64E+293	2.73E-09	337	6.32193E-21	3.01E-21	9.33E-21
338	112	1.78E+199	1.30E+94	2.31E+293	1.73E-09	338	6.33132E-21	2.99E-21	9.32E-21
339	111	3.51E+199	4.14E+93	1.45E+293	1.09E-09	339	6.34067E-21	2.97E-21	9.32E-21
340	110	6.90E+199	1.31E+93	9.05E+292	6.78E-10	340	6.35002E-21	2.96E-21	9.31E-21
341	109	1.36E+200	4.13E+92	5.61E+292	4.20E-10	341	6.35934E-21	2.94E-21	9.30E-21
342	108	2.66E+200	1.30E+92	3.45E+292	2.58E-10	342	6.36864E-21	2.93E-21	9.30E-21
343	107	5.21E+200	4.03E+91	2.10E+292	1.57E-10	343	6.37792E-21	2.91E-21	9.29E-21
344	106	1.02E+201	1.25E+91	1.27E+292	9.51E-11	344	6.38718E-21	2.89E-21	9.28E-21
345	105	1.99E+201	3.83E+90	7.63E+291	5.71E-11	345	6.39642E-21	2.88E-21	9.27E-21
346	104	3.89E+201	1.17E+90	4.54E+291	3.40E-11	346	6.40564E-21	2.86E-21	9.27E-21
347	103	7.57E+201	3.54E+89	2.68E+291	2.01E-11	347	6.41485E-21	2.85E-21	9.26E-21
348	102	1.47E+202	1.07E+89	1.57E+291	1.18E-11	348	6.42403E-21	2.83E-21	9.25E-21
349	101	2.86E+202	3.19E+88	9.14E+290	6.84E-12	349	6.43319E-21	2.81E-21	9.25E-21
350	100	5.55E+202	9.48E+87	5.27E+290	3.94E-12	350	6.44234E-21	2.80E-21	9.24E-21
351	99	1.08E+203	2.80E+87	3.01E+290	2.25E-12	351	6.45146E-21	2.78E-21	9.23E-21
352	98	2.08E+203	8.20E+86	1.71E+290	1.28E-12	352	6.46058E-21	2.76E-21	9.22E-21
353	97	4.02E+203	2.38E+86	9.58E+289	7.17E-13	353	6.46966E-21	2.74E-21	9.21E-21
354	96	7.76E+203	6.88E+85	5.34E+289	3.99E-13	354	6.47873E-21	2.73E-21	9.21E-21
355	95	1.49E+204	1.97E+85	2.95E+289	2.21E-13	355	6.48778E-21	2.71E-21	9.20E-21
356	94	2.88E+204	5.61E+84	1.61E+289	1.21E-13	356	6.49681E-21	2.69E-21	9.19E-21
357	93	5.53E+204	1.58E+84	8.75E+288	6.55E-14	357	6.50583E-21	2.68E-21	9.18E-21
358	92	1.06E+205	4.43E+83	4.70E+288	3.52E-14	358	6.51482E-21	2.66E-21	9.17E-21
359	91	2.03E+205	1.23E+83	2.50E+288	1.87E-14	359	6.5238E-21	2.64E-21	9.16E-21
360	90	3.89E+205	3.40E+82	1.32E+288	9.89E-15	360	6.53276E-21	2.62E-21	9.16E-21
361	89	7.43E+205	9.30E+81	6.91E+287	5.17E-15	361	6.5417E-21	2.60E-21	9.15E-21
362	88	1.42E+206	2.52E+81	3.58E+287	2.68E-15	362	6.55062E-21	2.59E-21	9.14E-21
363	87	2.71E+206	6.79E+80	1.84E+287	1.37E-15	363	6.55952E-21	2.57E-21	9.13E-21
364	86	5.15E+206	1.81E+80	9.33E+286	6.98E-16	364	6.5684E-21	2.55E-21	9.12E-21
365	85	9.79E+206	4.79E+79	4.69E+286	3.51E-16	365	6.57727E-21	2.53E-21	9.11E-21
366	84	1.86E+207	1.26E+79	2.34E+286	1.75E-16	366	6.58612E-21	2.51E-21	9.10E-21
367	83	3.53E+207	3.27E+78	1.15E+286	8.63E-17	367	6.59495E-21	2.49E-21	9.09E-21
368	82	6.68E+207	8.43E+77	5.63E+285	4.21E-17	368	6.60377E-21	2.48E-21	9.08E-21
369	81	1.26E+208	2.15E+77	2.72E+285	2.04E-17	369	6.61256E-21	2.46E-21	9.07E-21
370	80	2.39E+208	5.45E+76	1.30E+285	9.74E-18	370	6.62134E-21	2.44E-21	9.06E-21
371	79	4.50E+208	1.37E+76	6.16E+284	4.61E-18	371	6.63011E-21	2.42E-21	9.05E-21
372	78	8.49E+208	3.40E+75	2.88E+284	2.16E-18	372	6.63885E-21	2.40E-21	9.04E-21
373	77	1.60E+209	8.36E+74	1.33E+284	9.99E-19	373	6.64758E-21	2.38E-21	9.03E-21
374	76	3.00E+209	2.04E+74	6.11E+283	4.58E-19	374	6.65629E-21	2.36E-21	9.02E-21
375	75	5.64E+209	4.91E+73	2.77E+283	2.07E-19	375	6.66498E-21	2.34E-21	9.01E-21
376	74	1.06E+210	1.17E+73	1.24E+283	9.28E-20	376	6.67366E-21	2.32E-21	9.00E-21
377	73	1.98E+210	2.77E+72	5.49E+282	4.11E-20	377	6.68231E-21	2.30E-21	8.98E-21
378	72	3.70E+210	6.49E+71	2.40E+282	1.80E-20	378	6.69095E-21	2.28E-21	8.97E-21
379	71	6.91E+210	1.50E+71	1.04E+282	7.78E-21	379	6.69957E-21	2.26E-21	8.96E-21
380	70	1.29E+211	3.44E+70	4.44E+281	3.32E-21	380	6.70818E-21	2.24E-21	8.95E-21
381	69	2.40E+211	7.80E+69	1.87E+281	1.40E-21	381	6.71677E-21	2.22E-21	8.94E-21
382	68	4.47E+211	1.75E+69	7.82E+280	5.85E-22	382	6.72534E-21	2.20E-21	8.93E-21
383	67	8.32E+211	3.87E+68	3.22E+280	2.41E-22	383	6.7339E-21	2.18E-21	8.91E-21
384	66	1.54E+212	8.47E+67	1.31E+280	9.79E-23	384	6.74244E-21	2.16E-21	8.90E-21
385	65	2.86E+212	1.83E+67	5.25E+279	3.93E-23	385	6.75096E-21	2.14E-21	8.89E-21
386	64	5.31E+212	3.92E+66	2.08E+279	1.56E-23	386	6.75947E-21	2.12E-21	8.88E-21
387	63	9.82E+212	8.28E+65	8.13E+278	6.08E-24	387	6.76796E-21	2.09E-21	8.86E-21
388	62	1.81E+213	1.73E+65	3.13E+278	2.35E-24	388	6.77644E-21	2.07E-21	8.85E-21
389	61	3.35E+213	3.56E+64	1.19E+278	8.92E-25	389	6.78489E-21	2.05E-21	8.84E-21
390	60	6.17E+213	7.23E+63	4.46E+277	3.34E-25	390	6.79334E-21	2.03E-21	8.82E-21
391	59	1.14E+214	1.45E+63	1.65E+277	1.24E-25	391	6.80177E-21	2.01E-21	8.81E-21
392	58	2.09E+214	2.87E+62	6.01E+276	4.50E-26	392	6.81017E-21	1.98E-21	8.79E-21
393	57	3.84E+214	5.61E+61	2.16E+276	1.61E-26	393	6.81856E-21	1.96E-21	8.78E-21
394	56	7.05E+214	1.08E+61	7.62E+275	5.70E-27	394	6.82694E-21	1.94E-21	8.77E-21
395	55	1.29E+215	2.05E+60	2.65E+275	1.98E-27	395	6.83531E-21	1.92E-21	8.75E-21
396	54	2.37E+215	3.84E+59	9.08E+274	6.79E-28	396	6.84365E-21	1.89E-21	8.74E-21
397	53	4.33E+215	7.07E+58	3.06E+274	2.29E-28	397	6.85198E-21	1.87E-21	8.72E-21
398	52	7.90E+215	1.28E+58	1.01E+274	7.59E-29	398	6.86029E-21	1.85E-21	8.71E-21
399	51	1.44E+216	2.29E+57	3.31E+273	2.48E-29	399	6.86859E-21	1.82E-21	8.69E-21
400	50	2.63E+216	4.04E+56	1.06E+273	7.93E-30	400	6.87687E-21	1.80E-21	8.68E-21
401	49	4.78E+216	6.98E+55	3.34E+272	2.50E-30	401	6.88514E-21	1.77E-21	8.66E-21
402	48	8.70E+216	1.19E+55	1.03E+272	7.73E-31	402	6.89339E-21	1.75E-21	8.64E-21
403	47	1.58E+217	1.99E+54	3.14E+271	2.35E-31	403	6.90163E-21	1.73E-21	8.63E-21
404	46	2.87E+217	3.26E+53	9.35E+270	7.00E-32	404	6.90985E-21	1.70E-21	8.61E-21
405	45	5.19E+217	5.27E+52	2.74E+270	2.05E-32	405	6.91805E-21	1.68E-21	8.59E-21
406	44	9.40E+217	8.35E+51	7.85E+269	5.88E-33	406	6.92625E-21	1.65E-21	8.58E-21
407	43	1.70E+218	1.30E+51	2.21E+269	1.65E-33	407	6.93442E-21	1.62E-21	8.56E-21
408	42	3.07E+218	1.98E+50	6.08E+268	4.55E-34	408	6.94258E-21	1.60E-21	8.54E-21
409	41	5.54E+218	2.96E+49	1.64E+268	1.23E-34	409	6.95073E-21	1.57E-21	8.52E-21
410	40	9.99E+218	4.33E+48	4.33E+267	3.24E-35	410	6.95886E-21	1.55E-21	8.50E-21
411	39	1.80E+219	6.21E+47	1.12E+267	8.36E-36	411	6.96697E-21	1.52E-21	8.49E-21
412	38	3.24E+219	8.71E+46	2.82E+266	2.11E-36	412	6.97507E-21	1.49E-21	8.47E-21
413	37	5.81E+219	1.20E+46	6.95E+265	5.20E-37	413	6.98316E-21	1.46E-21	8.45E-21
414	36	1.04E+220	1.60E+45	1.67E+265	1.25E-37	414	6.99123E-21	1.44E-21	8.43E-21
415	35	1.87E+220	2.10E+44	3.92E+264	2.94E-38	415	6.99929E-21	1.41E-21	8.41E-21
416	34	3.35E+220	2.68E+43	8.97E+263	6.72E-39	416	7.00732E-21	1.38E-21	8.39E-21
417	33	5.99E+220	3.34E+42	2.00E+263	1.50E-39	417	7.01535E-21	1.35E-21	8.37E-21
418	32	1.07E+221	4.05E+41	4.33E+262	3.24E-40	418	7.02337E-21	1.32E-21	8.35E-21
419	31	1.91E+221	4.78E+40	9.14E+261	6.84E-41	419	7.03136E-21	1.29E-21	8.32E-21
420	30	3.41E+221	5.49E+39	1.87E+261	1.40E-41	420	7.03934E-21	1.26E-21	8.30E-21
421	29	6.07E+221	6.12E+38	3.72E+260	2.78E-42	421	7.04731E-21	1.23E-21	8.28E-21
422	28	1.08E+222	6.62E+37	7.16E+259	5.36E-43	422	7.05526E-21	1.20E-21	8.26E-21
423	27	1.92E+222	6.95E+36	1.33E+259	9.99E-44	423	7.06321E-21	1.17E-21	8.23E-21
424	26	3.41E+222	7.05E+35	2.41E+258	1.80E-44	424	7.07113E-21	1.14E-21	8.21E-21
425	25	6.05E+222	6.92E+34	4.19E+257	3.13E-45	425	7.07905E-21	1.11E-21	8.19E-21
426	24	1.07E+223	6.55E+33	7.03E+256	5.26E-46	426	7.08695E-21	1.07E-21	8.16E-21
427	23	1.90E+223	5.98E+32	1.14E+256	8.50E-47	427	7.09483E-21	1.04E-21	8.14E-21
428	22	3.36E+223	5.25E+31	1.76E+255	1.32E-47	428	7.1027E-21	1.01E-21	8.11E-21
429	21	5.94E+223	4.42E+30	2.63E+254	1.97E-48	429	7.11055E-21	9.74E-22	8.08E-21
430	20	1.05E+224	3.57E+29	3.74E+253	2.80E-49	430	7.1184E-21	9.39E-22	8.06E-21
431	19	1.85E+224	2.76E+28	5.10E+252	3.82E-50	431	7.12622E-21	9.04E-22	8.03E-21
432	18	3.25E+224	2.03E+27	6.61E+251	4.95E-51	432	7.13403E-21	8.68E-22	8.00E-21
433	17	5.73E+224	1.42E+26	8.15E+250	6.10E-52	433	7.14183E-21	8.31E-22	7.97E-21
434	16	1.01E+225	9.45E+24	9.51E+249	7.12E-53	434	7.14962E-21	7.94E-22	7.94E-21
435	15	1.77E+225	5.93E+23	1.05E+249	7.85E-54	435	7.15739E-21	7.55E-22	7.91E-21
436	14	3.10E+225	3.50E+22	1.09E+248	8.13E-55	436	7.16515E-21	7.16E-22	7.88E-21
437	13	5.44E+225	1.94E+21	1.05E+247	7.89E-56	437	7.1729E-21	6.76E-22	7.85E-21
438	12	9.52E+225	1.00E+20	9.52E+245	7.13E-57	438	7.18063E-21	6.36E-22	7.82E-21
439	11	1.67E+226	4.78E+18	7.96E+244	5.96E-58	439	7.18835E-21	5.94E-22	7.78E-21
440	10	2.91E+226	2.10E+17	6.12E+243	4.58E-59	440	7.19605E-21	5.50E-22	7.75E-21
441	9	5.08E+226	8.44E+15	4.29E+242	3.21E-60	441	7.20374E-21	5.06E-22	7.71E-21
442	8	8.87E+226	3.06E+14	2.72E+241	2.03E-61	442	7.21142E-21	4.60E-22	7.67E-21
443	7	1.55E+227	9.93E+12	1.53E+240	1.15E-62	443	7.21908E-21	4.13E-22	7.63E-21
444	6	2.69E+227	2.82E+11	7.60E+238	5.69E-64	444	7.22673E-21	3.64E-22	7.59E-21
445	5	4.68E+227	6.92E+09	3.24E+237	2.42E-65	445	7.23438E-21	3.13E-22	7.55E-21
446	4	8.13E+227	141722460	1.15E+236	8.63E-67	446	7.242E-21	2.59E-22	7.50E-21
447	3	1.41E+228	2332880	3.29E+234	2.47E-68	447	7.24961E-21	2.02E-22	7.45E-21
448	2	2.45E+228	28920	7.08E+232	5.30E-70	448	7.25721E-21	1.42E-22	7.40E-21
449	1	4.24E+228	240	1.02E+231	7.62E-72	449	7.2648E-21	7.56E-23	7.34E-21
450	0	7.34E+228	1	7.34E+228	5.50E-74	450	7.27237E-21	0.00E+00	7.27E-21
