#FIG 3.2
Landscape
Center
Inches
Letter  
100.00
Single
-2
1200 2
6 6618 3393 7050 3825
1 3 0 2 0 7 50 0 -1 0.000 1 0.0000 6834 3609 201 201 6834 3609 7014 3699
4 0 0 50 0 0 14 0.0000 4 150 165 6758 3683 A\001
-6
6 3420 3476 7515 5415
6 3420 3476 7515 5415
6 3825 3476 6059 3750
6 3825 3476 4713 3746
2 1 0 2 0 7 50 0 -1 0.000 0 0 7 0 0 8
	 3840 3611 3911 3491 4054 3731 4197 3491 4341 3731 4484 3491
	 4627 3731 4698 3611
-6
6 5171 3480 6059 3750
2 1 0 2 0 7 50 0 -1 0.000 0 0 7 0 0 8
	 5186 3615 5257 3495 5400 3735 5543 3495 5687 3735 5830 3495
	 5973 3735 6044 3615
-6
2 1 0 2 0 7 50 0 -1 0.000 0 0 -1 0 0 2
	 4695 3614 5193 3614
-6
6 3420 3585 7515 5415
2 1 0 2 0 7 50 0 -1 0.000 0 0 -1 0 0 10
	 7050 3615 7500 3615 7500 5100 6630 5100 6630 4800 5295 4800
	 5295 5115 3435 5115 3435 3600 3855 3600
2 1 0 2 0 7 50 0 -1 0.000 0 0 -1 0 0 4
	 5296 5124 5296 5400 6630 5400 6630 5103
2 1 0 2 0 7 50 0 -1 0.000 0 0 -1 0 0 2
	 5312 5113 5458 5113
2 1 0 2 0 7 50 0 -1 0.000 0 0 -1 0 0 2
	 6474 5103 6620 5103
-6
-6
2 1 0 2 0 7 50 0 -1 0.000 0 0 -1 0 0 2
	 6035 3616 6635 3616
-6
6 4140 3135 4380 3360
4 0 0 50 0 0 14 0.0000 4 150 135 4140 3285 R\001
4 0 0 50 0 0 14 0.0000 4 150 105 4275 3360 1\001
-6
6 5520 3090 5790 3315
6 5520 3090 5655 3240
4 0 0 50 0 0 14 0.0000 4 150 135 5520 3240 R\001
-6
4 0 0 50 0 0 14 0.0000 4 150 105 5685 3315 2\001
-6
1 3 0 2 0 7 50 0 0 0.000 1 0.0000 5515 5113 72 72 5515 5113 5552 5175
1 3 0 2 0 7 50 0 0 0.000 1 0.0000 6401 5103 72 72 6401 5103 6438 5165
4 0 0 50 0 0 14 0.0000 4 105 120 6514 3547 +\001
4 0 0 50 0 0 14 0.0000 4 15 135 7093 3531 -\001
4 0 0 50 0 0 14 0.0000 4 195 1155 5432 5336 power supply\001
4 0 0 50 0 0 14 0.0000 4 105 120 5629 5166 +\001
4 0 0 50 0 0 14 0.0000 4 15 135 6171 5166 -\001
