#FIG 3.2
Landscape
Center
Inches
Letter  
100.00
Single
-2
1200 2
6 6973 3660 9165 6657
6 6973 3660 9165 6657
6 7719 3844 8203 6657
6 7719 5439 8169 6657
6 7719 5893 8169 6343
1 3 0 2 0 7 50 0 10 0.000 1 0.0000 7944 6118 142 142 7944 6118 8064 6193
-6
6 7881 6207 8031 6657
2 1 0 2 0 7 50 0 19 0.000 0 0 -1 0 0 2
	 7956 6357 7956 6282
2 1 0 2 0 7 50 0 19 0.000 0 0 -1 0 0 2
	 7956 6357 7956 6582
-6
2 1 0 2 0 7 50 0 19 0.000 0 0 -1 0 0 2
	 7943 5454 7943 5979
-6
6 7788 3844 8103 4992
6 7788 4149 8103 4449
1 3 0 2 0 7 50 0 10 0.000 1 3.1416 7954 4313 142 142 7954 4313 7834 4238
-6
6 7937 3844 7967 4174
2 1 0 2 0 7 50 0 19 0.000 0 0 -1 0 0 2
	 7952 4084 7952 4159
2 1 0 2 0 7 50 0 19 0.000 0 0 -1 0 0 2
	 7952 4084 7952 3859
-6
2 1 0 2 0 7 50 0 19 0.000 0 0 -1 0 0 2
	 7955 4977 7955 4452
-6
1 3 0 2 0 7 50 0 19 0.000 1 0.0000 7963 5218 225 225 7963 5218 8143 5353
-6
2 1 0 2 0 7 50 0 19 0.000 0 0 -1 0 0 2
	 8214 5222 8959 5222
2 1 0 2 0 7 50 0 19 0.000 0 0 -1 0 0 2
	 6988 5233 7733 5233
4 0 0 50 0 0 14 0.0000 4 150 105 7905 3765 y\001
4 0 0 50 0 0 14 0.0000 4 105 105 9060 5295 x\001
-6
6 8175 5355 8655 5610
4 0 0 50 0 0 14 0.0000 4 195 345 8175 5505 -2q\001
4 0 0 50 0 0 14 0.0000 4 150 105 8550 5610 2\001
-6
6 7650 5610 7905 5805
4 0 0 50 0 0 14 0.0000 4 105 105 7650 5715 a\001
4 0 0 50 0 0 14 0.0000 4 150 105 7800 5805 2\001
-6
6 7635 4590 7890 4785
4 0 0 50 0 0 14 0.0000 4 105 105 7635 4695 a\001
4 0 0 50 0 0 14 0.0000 4 150 105 7785 4785 2\001
-6
6 8175 4185 8520 4410
4 0 0 50 0 0 14 0.0000 4 150 225 8175 4290 +q\001
4 0 0 50 0 0 14 0.0000 4 150 105 8415 4410 2\001
-6
6 8175 6000 8520 6225
4 0 0 50 0 0 14 0.0000 4 150 225 8175 6105 +q\001
4 0 0 50 0 0 14 0.0000 4 150 105 8415 6225 2\001
-6
-6
6 3510 3690 5880 6585
6 4890 6060 5250 6285
4 0 0 50 0 0 14 0.0000 4 150 240 4890 6165 -q\001
4 0 0 50 0 0 14 0.0000 4 150 105 5145 6285 1\001
-6
6 4875 4185 5220 4425
4 0 0 50 0 0 14 0.0000 4 150 225 4875 4290 +q\001
4 0 0 50 0 0 14 0.0000 4 150 105 5115 4425 1\001
-6
6 4320 4755 4560 4950
4 0 0 50 0 0 14 0.0000 4 105 105 4320 4860 a\001
4 0 0 50 0 0 14 0.0000 4 150 105 4455 4950 1\001
-6
6 4320 5520 4560 5715
4 0 0 50 0 0 14 0.0000 4 105 105 4320 5625 a\001
4 0 0 50 0 0 14 0.0000 4 150 105 4455 5715 1\001
-6
1 3 0 2 0 7 50 0 10 0.000 1 0.0000 4635 4320 142 142 4635 4320 4755 4395
1 3 0 2 0 7 50 0 19 0.000 1 0.0000 4635 6150 142 142 4635 6150 4755 6225
2 1 0 2 0 7 50 0 -1 0.000 0 0 -1 0 0 2
	 3525 5250 5700 5250
2 1 0 2 0 7 50 0 20 0.000 0 0 -1 0 0 2
	 4635 4185 4635 3930
2 1 0 2 0 7 50 0 20 0.000 0 0 -1 0 0 2
	 4635 4515 4635 5235
2 1 0 2 0 7 50 0 20 0.000 0 0 -1 0 0 2
	 4635 5280 4635 6000
2 1 0 2 0 7 50 0 20 0.000 0 0 -1 0 0 2
	 4635 6570 4635 6315
2 1 0 2 0 7 50 0 -1 0.000 0 0 -1 0 0 2
	 4635 4533 4635 4467
4 0 0 50 0 0 14 0.0000 4 150 105 4605 3795 y\001
4 0 0 50 0 0 14 0.0000 4 105 105 5775 5295 x\001
-6
2 2 0 2 0 7 50 0 -1 0.000 0 0 -1 0 0 5
	 3225 3450 9600 3450 9600 7275 3225 7275 3225 3450
4 0 0 50 0 0 14 0.0000 4 195 1470 3855 6975 a.  Electric dipole\001
4 0 0 50 0 0 14 0.0000 4 195 1920 6930 6945 b.  Electric quadrupole\001
