#FIG 3.2
Landscape
Center
Inches
Letter  
100.00
Single
-2
1200 2
6 5535 2670 6540 3030
6 5730 2715 6480 2970
4 0 0 50 0 0 14 0.0000 4 105 105 5730 2970 x\001
4 0 0 50 0 0 14 0.0000 4 150 105 5880 2880 2\001
4 0 0 50 0 0 14 0.0000 4 105 120 6060 2940 +\001
4 0 0 50 0 0 14 0.0000 4 105 105 6240 2970 a\001
4 0 0 50 0 0 14 0.0000 4 150 105 6375 2865 2\001
-6
2 1 0 1 0 7 50 0 -1 3.000 0 0 -1 0 0 4
	 6540 2670 5655 2670 5655 3030 5535 2910
-6
6 4875 2565 5190 2760
2 1 0 1 0 7 50 0 -1 3.000 0 0 -1 0 0 4
	 4875 2700 4965 2565 5040 2715 4890 2715
4 0 0 50 0 0 14 0.0000 4 150 105 5085 2715 q\001
-6
1 2 0 2 0 7 50 0 10 4.500 1 0.0000 4560 3637 390 1237 4170 2400 4950 4875
1 2 0 1 0 7 50 0 20 4.500 1 0.0000 4570 3622 305 968 4266 2655 4875 4590
1 3 0 2 0 7 50 0 0 4.500 1 0.0000 4575 3600 42 42 4575 3600 4605 3630
1 3 0 2 0 7 50 0 0 4.500 1 0.0000 4800 2805 42 42 4800 2805 4830 2835
1 3 0 2 0 7 50 0 0 4.500 1 0.0000 6726 3584 42 42 6726 3584 6756 3614
2 1 0 2 0 7 50 0 20 4.500 0 0 -1 0 0 2
	 4275 3600 7800 3600
2 1 0 2 0 7 50 0 20 4.500 0 0 -1 0 0 2
	 4200 3600 3150 3600
2 1 0 2 0 7 50 0 -1 4.500 0 0 -1 0 0 3
	 4590 3630 4815 2805 6735 3600
4 0 0 50 0 0 14 0.0000 4 105 105 5670 3840 x\001
4 0 0 50 0 0 14 0.0000 4 105 105 4530 3210 a\001
4 0 0 50 0 0 14 0.0000 4 150 120 6840 3495 P\001
