#FIG 3.2
Landscape
Center
Inches
Letter  
100.00
Single
-2
1200 2
6 2655 1950 2805 5205
6 2655 1950 2805 2550
4 0 0 50 0 0 18 0.0000 4 135 150 2655 2085 +\001
4 0 0 50 0 0 18 0.0000 4 135 150 2655 2325 +\001
4 0 0 50 0 0 18 0.0000 4 135 150 2655 2550 +\001
-6
6 2655 2610 2805 3210
4 0 0 50 0 0 18 0.0000 4 135 150 2655 2745 +\001
4 0 0 50 0 0 18 0.0000 4 135 150 2655 2985 +\001
4 0 0 50 0 0 18 0.0000 4 135 150 2655 3210 +\001
-6
6 2655 3270 2805 3870
4 0 0 50 0 0 18 0.0000 4 135 150 2655 3405 +\001
4 0 0 50 0 0 18 0.0000 4 135 150 2655 3645 +\001
4 0 0 50 0 0 18 0.0000 4 135 150 2655 3870 +\001
-6
6 2655 3930 2805 4530
4 0 0 50 0 0 18 0.0000 4 135 150 2655 4065 +\001
4 0 0 50 0 0 18 0.0000 4 135 150 2655 4305 +\001
4 0 0 50 0 0 18 0.0000 4 135 150 2655 4530 +\001
-6
6 2655 4605 2805 5205
4 0 0 50 0 0 18 0.0000 4 135 150 2655 4740 +\001
4 0 0 50 0 0 18 0.0000 4 135 150 2655 4980 +\001
4 0 0 50 0 0 18 0.0000 4 135 150 2655 5205 +\001
-6
-6
6 5580 1950 5745 5205
6 5580 1950 5745 2370
6 5580 2160 5745 2370
4 0 0 50 0 0 20 0.0000 4 17 165 5580 2446 -\001
4 0 0 50 0 0 20 0.0000 4 17 165 5580 2255 -\001
-6
4 0 0 50 0 0 20 0.0000 4 17 165 5580 2045 -\001
-6
6 5580 2505 5745 2925
6 5580 2715 5745 2925
4 0 0 50 0 0 20 0.0000 4 17 165 5580 3001 -\001
4 0 0 50 0 0 20 0.0000 4 17 165 5580 2810 -\001
-6
4 0 0 50 0 0 20 0.0000 4 17 165 5580 2600 -\001
-6
6 5580 3075 5745 3495
6 5580 3285 5745 3495
4 0 0 50 0 0 20 0.0000 4 17 165 5580 3571 -\001
4 0 0 50 0 0 20 0.0000 4 17 165 5580 3380 -\001
-6
4 0 0 50 0 0 20 0.0000 4 17 165 5580 3170 -\001
-6
6 5580 3630 5745 4050
6 5580 3840 5745 4050
4 0 0 50 0 0 20 0.0000 4 17 165 5580 4126 -\001
4 0 0 50 0 0 20 0.0000 4 17 165 5580 3935 -\001
-6
4 0 0 50 0 0 20 0.0000 4 17 165 5580 3725 -\001
-6
6 5580 4215 5745 4635
6 5580 4425 5745 4635
4 0 0 50 0 0 20 0.0000 4 17 165 5580 4711 -\001
4 0 0 50 0 0 20 0.0000 4 17 165 5580 4520 -\001
-6
4 0 0 50 0 0 20 0.0000 4 17 165 5580 4310 -\001
-6
6 5580 4785 5745 5205
6 5580 4995 5745 5205
4 0 0 50 0 0 20 0.0000 4 17 165 5580 5281 -\001
4 0 0 50 0 0 20 0.0000 4 17 165 5580 5090 -\001
-6
4 0 0 50 0 0 20 0.0000 4 17 165 5580 4880 -\001
-6
-6
2 2 0 2 0 7 50 0 -1 4.500 0 0 7 0 0 5
	 2550 1800 2925 1800 2925 5325 2550 5325 2550 1800
2 2 0 2 0 7 50 0 -1 4.500 0 0 7 0 0 5
	 5475 1800 5850 1800 5850 5325 5475 5325 5475 1800
2 1 0 2 0 7 50 0 -1 4.500 0 0 -1 1 0 2
	1 1 4.00 75.00 75.00
	 2925 5100 5475 5100
2 1 0 2 0 7 50 0 -1 4.500 0 0 -1 1 0 2
	1 1 4.00 75.00 75.00
	 2925 2100 5475 2100
2 1 0 2 0 7 50 0 -1 4.500 0 0 -1 1 0 2
	1 1 4.00 75.00 75.00
	 2925 3075 5475 3075
2 1 0 2 0 7 50 0 -1 4.500 0 0 -1 1 0 2
	1 1 4.00 75.00 75.00
	 2925 2625 5475 2625
2 1 0 2 0 7 50 0 -1 4.500 0 0 -1 1 0 2
	1 1 4.00 75.00 75.00
	 2925 3600 5475 3600
2 1 0 2 0 7 50 0 -1 4.500 0 0 -1 1 0 2
	1 1 4.00 75.00 75.00
	 2925 4125 5475 4125
2 1 0 2 0 7 50 0 -1 4.500 0 0 -1 1 0 2
	1 1 4.00 75.00 75.00
	 2925 4575 5475 4575
