#FIG 3.2
Landscape
Center
Inches
Letter  
100.00
Single
-2
1200 2
6 5175 4275 5475 4650
2 1 0 2 0 7 50 0 -1 0.000 0 0 -1 1 0 2
	0 0 2.00 120.00 60.00
	 5235 4380 5460 4380
4 0 0 50 0 0 18 0.0000 4 195 165 5250 4650 E\001
-6
6 5265 5127 5403 6510
1 3 0 2 0 7 50 0 0 0.000 1 0.0000 5334 5196 54 54 5334 5196 5364 5241
1 3 0 2 0 7 50 0 0 0.000 1 0.0000 5334 6441 54 54 5334 6441 5364 6486
2 1 0 2 0 7 50 0 -1 0.000 0 0 -1 0 0 2
	 5319 5226 5319 6426
-6
2 1 0 2 0 7 50 0 -1 0.000 0 0 -1 1 0 2
	1 1 4.00 75.00 120.00
	 4200 6900 4200 4725
2 1 0 2 0 7 50 0 -1 0.000 0 0 -1 1 0 2
	1 1 4.00 75.00 120.00
	 4650 6900 4650 4725
2 1 0 2 0 7 50 0 -1 0.000 0 0 -1 1 0 2
	1 1 4.00 75.00 120.00
	 5100 6900 5100 4725
2 1 0 2 0 7 50 0 -1 0.000 0 0 -1 1 0 2
	1 1 4.00 75.00 120.00
	 5550 6900 5550 4725
2 1 0 2 0 7 50 0 -1 0.000 0 0 -1 1 0 2
	1 1 4.00 75.00 120.00
	 6000 6900 6000 4725
2 1 0 2 0 7 50 0 -1 0.000 0 0 -1 1 0 2
	1 1 4.00 75.00 120.00
	 6450 6900 6450 4725
4 0 0 50 0 0 14 0.0000 4 150 135 5145 5205 B\001
4 0 0 50 0 0 14 0.0000 4 150 165 5250 6720 A\001
4 0 0 50 0 0 14 0.0000 4 150 105 5190 5835 d\001
