#FIG 3.2
Landscape
Center
Inches
Letter  
100.00
Single
-2
1200 2
6 3705 2700 7830 5925
6 6180 3525 7830 4575
6 6180 3780 7800 3975
6 7530 3828 7800 3900
1 1 0 1 0 7 50 0 -1 4.500 1 0.0000 7600 3864 68 35 7600 3864 7668 3898
1 1 0 1 0 7 50 0 -1 4.500 1 0.0000 7730 3864 68 35 7730 3864 7798 3898
-6
4 0 0 50 0 0 14 0.0000 4 195 1260 6180 3930 pushed in from\001
-6
4 0 0 50 0 0 14 0.0000 4 195 1545 6180 3675 Test charge being\001
4 0 0 50 0 0 14 0.0000 4 150 1200 6180 4200 to a distance r\001
4 0 0 50 0 0 14 0.0000 4 195 1395 6180 4500 from a charge q.\001
-6
6 3705 2700 7080 5925
6 3930 2925 6555 5400
6 3930 2925 6555 5400
6 3930 2925 6495 5400
6 3930 2925 4230 5400
1 3 0 2 0 7 50 0 0 0.000 1 0.0000 4065 5280 96 96 4065 5280 4140 5340
2 1 0 2 0 7 50 0 0 0.000 0 0 -1 0 0 2
	 4080 3825 4080 5250
2 1 2 2 0 7 50 0 0 4.500 0 0 7 0 0 2
	 4080 3825 4080 3000
-6
6 4095 5235 6495 5385
2 1 0 2 0 7 50 0 0 0.000 0 0 -1 0 0 2
	 5595 5310 4170 5310
2 1 2 2 0 7 50 0 0 4.500 0 0 7 0 0 2
	 5595 5310 6420 5310
-6
-6
2 1 0 2 0 7 50 0 0 4.500 0 0 -1 1 0 2
	1 1 4.00 75.00 75.00
	 4080 5325 5205 4125
2 1 2 2 0 7 50 0 0 4.500 0 0 -1 0 0 2
	 5205 4125 5880 3450
-6
-6
6 3705 2700 7080 5925
6 5879 3164 6165 3450
1 3 0 2 0 7 50 0 -1 4.500 1 0.0000 6022 3307 128 128 6022 3307 6142 3352
4 0 0 50 0 2 14 0.0000 4 105 120 5962 3352 +\001
-6
6 5610 3000 5820 3165
4 0 0 50 0 2 14 0.0000 4 150 105 5610 3105 q\001
4 0 0 50 0 2 10 0.0000 4 75 90 5730 3165 o\001
-6
6 3825 2760 4365 2895
6 4095 2793 4365 2865
1 1 0 1 0 7 50 0 -1 4.500 1 0.0000 4165 2829 68 35 4165 2829 4233 2863
1 1 0 1 0 7 50 0 -1 4.500 1 0.0000 4295 2829 68 35 4295 2829 4363 2863
-6
4 0 0 50 0 0 14 0.0000 4 135 165 3825 2895 to\001
-6
6 3765 5490 4620 5925
4 0 0 50 0 0 14 0.0000 4 195 855 3765 5640 Charge at\001
4 0 0 50 0 0 14 0.0000 4 195 795 3810 5880 the origin\001
-6
6 6795 5268 7065 5340
1 1 0 1 0 7 50 0 -1 4.500 1 0.0000 6865 5304 68 35 6865 5304 6933 5338
1 1 0 1 0 7 50 0 -1 4.500 1 0.0000 6995 5304 68 35 6995 5304 7063 5338
-6
4 0 0 50 0 2 14 0.0000 4 105 90 4770 4125 r\001
4 0 0 50 0 0 14 0.0000 4 105 105 5580 5475 x\001
4 0 0 50 0 0 14 0.0000 4 150 105 3930 3900 y\001
4 0 0 50 0 0 14 0.0000 4 150 105 3810 5310 q\001
4 0 0 50 0 0 14 0.0000 4 135 165 6525 5370 to\001
-6
-6
-6
2 1 0 2 0 7 50 0 -1 4.500 0 0 -1 0 1 2
	1 1 4.00 75.00 75.00
	 6210 3090 6675 2625
2 4 0 2 0 7 50 0 -1 0.000 0 0 7 0 0 5
	 8205 6135 8205 2325 3555 2325 3555 6135 8205 6135
