#FIG 3.2
Landscape
Center
Inches
Letter  
100.00
Single
-2
1200 2
5 1 0 1 0 7 50 0 -1 0.000 0 1 0 0 6529.688 4757.812 6450 4200 6075 4425 6000 4950
5 1 0 1 0 7 50 0 -1 0.000 0 1 0 0 6195.833 4650.000 6450 4200 5775 4350 5775 4950
1 4 0 1 0 7 50 0 -1 0.000 1 0.0000 5850 3637 84 84 5775 3600 5925 3675
2 2 0 1 0 7 50 0 -1 0.000 0 0 -1 0 0 5
	 3825 2325 9075 2325 9075 6075 3825 6075 3825 2325
2 1 0 1 0 7 50 0 -1 0.000 0 0 -1 0 0 2
	 3825 5850 9075 5850
2 2 0 1 0 7 50 0 42 0.000 0 0 -1 0 0 5
	 3825 5850 9075 5850 9075 6075 3825 6075 3825 5850
2 2 0 1 0 0 50 0 -1 0.000 0 0 -1 0 0 5
	 7350 5850 8025 5850 8025 5775 7350 5775 7350 5850
2 2 0 1 0 0 50 0 20 0.000 0 0 -1 0 0 5
	 7350 5850 8025 5850 8025 5775 7350 5775 7350 5850
2 2 0 1 0 7 50 0 -1 0.000 0 0 -1 0 0 5
	 7725 5775 7650 5775 7650 2475 7725 2475 7725 5775
2 2 0 1 0 7 50 0 -1 0.000 0 0 -1 0 0 5
	 8025 2775 5625 2775 5625 2700 8025 2700 8025 2775
2 2 0 1 0 7 50 0 0 0.000 0 0 -1 0 0 5
	 7575 2625 7800 2625 7800 2850 7575 2850 7575 2625
2 2 0 1 0 7 50 0 0 0.000 0 0 -1 0 0 5
	 8025 4200 6450 4200 6450 4125 8025 4125 8025 4200
2 2 0 1 0 7 50 0 20 0.000 0 0 -1 0 0 5
	 6450 4200 8025 4200 8025 4125 6450 4125 6450 4200
2 2 0 1 0 7 50 0 0 0.000 0 0 -1 0 0 5
	 5775 2625 5925 2625 5925 3525 5775 3525 5775 2625
2 1 0 1 0 7 50 0 -1 0.000 0 0 -1 0 0 4
	 5850 3750 6225 4650 5475 4650 5850 3750
2 1 0 1 0 7 50 0 -1 0.000 0 0 -1 0 0 2
	 5850 3825 5850 4650
2 1 0 1 0 7 50 0 -1 0.000 0 0 -1 0 0 2
	 5850 5400 6075 5400
2 1 0 1 0 7 50 0 -1 0.000 0 0 -1 0 0 2
	 5625 5400 5850 5400
2 1 0 1 0 7 50 0 -1 0.000 0 0 -1 0 0 2
	 5475 4650 5625 5400
2 1 0 1 0 7 50 0 -1 0.000 0 0 -1 0 0 2
	 6075 5400 6225 4650
2 1 0 2 0 7 50 0 -1 0.000 0 0 -1 0 0 2
	 6000 4950 5775 4950
2 2 0 1 0 7 50 0 0 0.000 0 0 -1 0 0 5
	 7575 4050 7800 4050 7800 4275 7575 4275 7575 4050
2 1 0 1 0 7 50 0 -1 0.000 0 0 -1 0 0 2
	 5475 3075 5700 3075
2 1 0 1 0 7 50 0 -1 0.000 0 0 -1 0 0 2
	 5175 4950 5625 4950
2 1 0 1 0 7 50 0 -1 0.000 0 0 -1 0 0 2
	 5400 5550 5850 5400
4 0 0 50 0 0 12 0.0000 4 135 915 4500 3150 Force Probe\001
4 0 0 50 0 0 12 0.0000 4 180 1125 4200 5625 Styrofoam Cup\001
4 0 0 50 0 0 12 0.0000 4 135 1170 3975 5025 Power Resistor\001
