#FIG 3.2
Landscape
Center
Inches
Letter  
100.00
Single
-2
1200 2
6 5535 3090 5925 3420
4 0 0 50 0 0 18 0.0000 4 195 180 5535 3285 R\001
4 0 0 50 0 0 18 0.0000 4 195 180 5745 3420 C\001
-6
6 7770 5025 8160 5370
4 0 0 50 0 0 18 0.0000 4 195 180 7770 5220 R\001
4 0 0 50 0 0 18 0.0000 4 195 180 7980 5370 B\001
-6
6 9435 4995 9840 5310
4 0 0 50 0 0 18 0.0000 4 195 180 9435 5190 R\001
4 0 0 50 0 0 18 0.0000 4 195 225 9615 5310 A\001
-6
6 6600 4950 6885 5250
4 0 0 50 0 0 18 0.0000 4 195 90 6600 5145 I\001
4 0 0 50 0 0 18 0.0000 4 195 180 6705 5250 B\001
-6
6 8565 5715 8850 6000
4 0 0 50 0 0 18 0.0000 4 195 90 8565 5910 I\001
4 0 0 50 0 0 18 0.0000 4 195 225 8625 6000 A\001
-6
6 5415 4350 5700 4650
4 0 0 50 0 0 18 0.0000 4 195 90 5415 4545 I\001
4 0 0 50 0 0 18 0.0000 4 195 180 5520 4650 C\001
-6
1 3 0 2 0 7 50 0 0 0.000 1 0.0000 3750 6600 106 106 3750 6600 3825 6675
1 3 0 2 0 7 50 0 0 0.000 1 0.0000 3750 3750 106 106 3750 3750 3825 3825
1 3 0 2 0 7 50 0 0 0.000 1 0.0000 7500 3750 106 106 7500 3750 7575 3825
1 3 0 2 0 7 50 0 0 0.000 1 0.0000 9150 3750 106 106 9150 3750 9225 3825
1 3 0 2 0 7 50 0 0 0.000 1 0.0000 9150 6600 106 106 9150 6600 9225 6675
1 3 0 2 0 7 50 0 0 0.000 1 0.0000 7500 6600 106 106 7500 6600 7575 6675
2 1 0 2 0 7 50 0 -1 0.000 0 0 7 0 0 8
	 4800 3750 4950 3600 5250 3900 5550 3600 5850 3900 6150 3600
	 6450 3900 6600 3750
2 1 0 2 0 7 50 0 -1 0.000 0 0 -1 0 0 3
	 4800 3750 3750 3750 3750 4350
2 1 0 2 0 7 50 0 -1 0.000 0 0 -1 0 0 3
	 6600 3750 7500 3750 7500 4350
2 1 0 2 0 7 50 0 -1 0.000 0 0 -1 0 0 3
	 7500 3750 9150 3750 9150 4350
2 1 0 2 0 7 50 0 -1 0.000 0 0 7 0 0 8
	 9150 4350 9300 4500 9000 4800 9300 5100 9000 5400 9300 5700
	 9000 6000 9150 6150
2 1 0 2 0 7 50 0 -1 0.000 0 0 7 0 0 8
	 7500 4350 7650 4500 7350 4800 7650 5100 7350 5400 7650 5700
	 7350 6000 7500 6150
2 1 0 2 0 7 50 0 -1 0.000 0 0 -1 0 0 4
	 7500 6150 7500 6600 9150 6600 9150 6150
2 1 0 2 0 7 50 0 -1 0.000 0 0 -1 0 0 3
	 7500 6600 3750 6600 3750 5400
2 1 0 2 0 7 50 0 -1 0.000 0 0 -1 0 0 2
	 3600 5400 3900 5400
2 1 0 2 0 7 50 0 -1 0.000 0 0 -1 0 0 2
	 4050 5250 3450 5250
2 1 0 2 0 7 50 0 -1 0.000 0 0 -1 0 0 2
	 3600 5100 3900 5100
2 1 0 2 0 7 50 0 -1 0.000 0 0 -1 0 0 2
	 3450 4950 4050 4950
2 1 0 2 0 7 50 0 -1 0.000 0 0 -1 0 0 2
	 3750 4950 3750 4350
2 1 0 2 0 7 50 0 -1 0.000 0 0 -1 1 0 2
	1 1 3.00 60.00 120.00
	 5100 4200 6150 4200
2 1 0 2 0 7 50 0 -1 0.000 0 0 -1 0 1 2
	1 1 3.00 60.00 120.00
	 7050 5700 7050 4650
2 1 0 2 0 7 50 0 -1 0.000 0 0 -1 1 0 2
	1 1 3.00 60.00 120.00
	 8700 4650 8700 5700
4 0 0 50 0 0 18 0.0000 4 135 150 3437 4796 +\001
4 0 0 50 0 0 18 0.0000 4 15 150 3417 5650 -\001
4 0 0 50 0 32 18 0.0000 4 135 120 3150 5250 e\001
