#FIG 3.2
Landscape
Center
Inches
Letter  
100.00
Single
-2
1200 2
6 1740 3555 5655 6300
6 1980 3825 5655 6300
6 3465 3870 4950 4216
5 1 0 2 0 7 50 0 -1 0.000 0 0 0 0 4229.000 4072.625 4080 4185 4229 3886 4378 4185
5 1 0 2 0 7 50 0 -1 0.000 0 0 0 0 3944.000 4072.625 3795 4185 3944 3886 4093 4185
5 1 0 2 0 7 50 0 -1 0.000 0 0 0 0 4516.000 4072.625 4367 4185 4516 3886 4665 4185
6 4569 3891 4950 4216
5 1 0 2 0 7 50 0 -1 0.000 0 0 0 0 4760.072 4082.927 4631 4201 4759 3908 4935 4082
-6
6 3465 3885 3845 4210
5 1 0 2 0 7 50 0 -1 0.000 0 1 0 0 3654.928 4076.927 3784 4195 3656 3902 3480 4076
-6
-6
6 1980 4050 5655 6300
1 3 0 2 0 7 50 0 -1 0.000 1 0.0000 2580 5130 541 541 2580 5130 3030 5430
2 1 0 2 0 7 50 0 -1 0.000 0 0 -1 0 0 4
	 2205 5175 2430 4950 2730 5325 2955 5100
2 1 0 2 0 7 50 0 -1 0.000 0 0 -1 0 0 4
	 2580 5700 2580 6225 5430 6225 5430 5775
2 1 0 2 0 7 50 0 -1 0.000 0 0 -1 0 0 9
	 5430 5550 5580 5475 5280 5325 5580 5175 5280 5025 5580 4875
	 5280 4725 5430 4650 5430 4125
2 1 0 2 0 7 50 0 -1 0.000 0 0 -1 0 0 2
	 5430 5775 5430 5550
-6
2 1 0 2 0 7 50 0 -1 0.000 0 0 -1 0 0 3
	 2580 4575 2580 4050 3480 4050
2 1 0 2 0 7 50 0 -1 0.000 0 0 -1 0 0 3
	 4905 4110 5430 4110 5430 4410
-6
4 0 0 50 0 0 18 0.0000 4 195 180 4995 5160 R\001
4 0 0 50 0 0 18 0.0000 4 195 195 1740 5205 V\001
4 0 0 50 0 0 18 0.0000 4 195 165 4110 3750 L\001
-6
6 6480 4200 9600 5940
6 6480 4200 9600 5940
6 6480 4635 9600 5940
6 7545 5640 7905 5940
4 0 0 50 0 0 18 0.0000 4 195 195 7545 5835 V\001
4 0 0 50 0 0 18 0.0000 4 195 180 7725 5940 R\001
-6
6 6480 4650 6825 4950
4 0 0 50 0 0 18 0.0000 4 195 195 6480 4845 V\001
4 0 0 50 0 0 18 0.0000 4 195 165 6660 4950 L\001
-6
2 1 0 2 0 7 50 0 -1 6.000 0 0 -1 1 0 2
	1 1 4.00 60.00 120.00
	 8610 5565 9585 5565
4 0 0 50 0 32 18 0.0000 4 240 165 7365 5430 f\001
4 0 0 50 0 0 18 0.0000 4 195 195 7545 4830 V\001
4 0 0 50 0 0 18 0.0000 4 195 90 8955 5880 I\001
-6
2 1 1 2 0 7 50 0 -1 6.000 0 0 -1 0 0 3
	 8610 5565 8610 4215 6885 4215
-6
2 1 0 2 0 7 50 0 -1 0.000 0 0 -1 1 1 3
	1 1 4.00 60.00 120.00
	1 1 4.00 60.00 120.00
	 6885 4215 6885 5565 8610 5565
2 1 0 2 0 7 50 0 -1 6.000 0 0 -1 1 0 2
	1 1 4.00 60.00 120.00
	 6885 5565 8610 4215
-6
2 2 0 2 0 7 50 0 -1 0.000 0 0 7 0 0 5
	 1257 3000 10200 3000 10200 7065 1257 7065 1257 3000
