#FIG 3.2
Landscape
Center
Inches
Letter  
100.00
Single
-2
1200 2
1 2 0 2 0 7 50 0 -1 0.000 1 0.0000 4912 5131 1313 556 3600 4575 6225 5687
1 3 0 2 0 7 50 0 20 0.000 1 0.0000 6225 5100 168 168 6225 5100 6375 5175
1 3 0 2 0 7 50 0 20 0.000 1 0.0000 3525 5100 168 168 3525 5100 3675 5175
2 1 0 2 0 7 50 0 -1 4.500 0 0 -1 1 0 2
	1 1 4.00 75.00 75.00
	 6000 5100 3825 5100
3 0 0 2 0 7 50 0 -1 4.500 0 0 0 5
	 3465 4935 3285 4605 4890 3945 6555 4635 6360 4935
	 0.000 1.000 1.000 1.000 0.000
3 0 0 2 0 7 50 0 -1 4.500 0 0 0 5
	 3451 5234 3271 5564 4876 6224 6541 5534 6346 5234
	 0.000 1.000 1.000 1.000 0.000
4 0 0 50 0 0 18 0.0000 4 135 150 6150 5175 +\001
4 0 0 50 0 0 18 0.0000 4 15 150 3450 5175 -\001
