#FIG 3.2
Landscape
Center
Inches
Letter  
100.00
Single
-2
1200 2
6 6000 2925 8550 5550
6 6000 2985 8536 5542
2 1 0 2 0 7 50 0 -1 4.500 0 0 -1 1 1 2
	1 1 4.00 75.00 75.00
	1 1 4.00 75.00 75.00
	 7757 3000 6720 5443
2 1 0 2 0 7 50 0 -1 4.500 0 0 -1 1 1 2
	1 1 4.00 75.00 75.00
	1 1 4.00 75.00 75.00
	 8521 4774 6076 3737
2 1 0 2 0 7 50 0 -1 4.500 0 0 -1 1 1 2
	1 1 4.00 75.00 75.00
	1 1 4.00 75.00 75.00
	 8477 3734 6015 4727
2 1 0 2 0 7 50 0 -1 4.500 0 0 -1 1 1 2
	1 1 4.00 75.00 75.00
	1 1 4.00 75.00 75.00
	 7761 5527 6767 3065
-6
1 3 0 2 0 7 50 0 20 4.500 1 0.0000 7240 4220 175 175 7240 4220 7330 4370
-6
4 0 0 50 0 0 14 0.0000 4 150 225 7130 4300 +1\001
