#FIG 3.2
Landscape
Center
Inches
Letter  
100.00
Single
-2
1200 2
2 2 0 2 0 7 50 0 -1 0.000 0 0 -1 0 0 5
	 4650 4200 6900 4200 6900 4650 4650 4650 4650 4200
2 1 0 2 0 7 50 0 -1 0.000 0 0 -1 1 0 2
	1 1 4.00 60.00 120.00
	 4035 3570 5835 3570
2 2 0 2 0 7 50 0 -1 0.000 0 0 -1 0 0 5
	 3285 3000 8385 3000 8385 5565 3285 5565 3285 3000
4 0 0 50 0 0 14 0.0000 4 195 975 5250 4500 bar magnet\001
4 0 0 50 0 0 14 0.0000 4 150 165 4725 4500 N\001
4 0 0 50 0 0 14 0.0000 4 150 120 6675 4500 S\001
4 0 0 50 0 0 14 0.0000 4 150 1605 6315 3615 Earth's North Pole\001
