#FIG 3.2
Landscape
Center
Inches
Letter  
100.00
Single
-2
1200 2
6 4526 4300 4796 4525
6 4526 4300 4661 4450
4 0 0 50 0 0 14 0.0000 4 150 135 4526 4450 R\001
-6
4 0 0 50 0 0 14 0.0000 4 150 105 4691 4525 2\001
-6
6 4567 2700 4807 2925
4 0 0 50 0 0 14 0.0000 4 150 135 4567 2850 R\001
4 0 0 50 0 0 14 0.0000 4 150 105 4702 2925 1\001
-6
6 3420 3585 7515 5415
2 1 0 2 0 7 50 0 -1 0.000 0 0 -1 0 0 10
	 7050 3615 7500 3615 7500 5100 6630 5100 6630 4800 5295 4800
	 5295 5115 3435 5115 3435 3600 3855 3600
2 1 0 2 0 7 50 0 -1 0.000 0 0 -1 0 0 4
	 5296 5124 5296 5400 6630 5400 6630 5103
2 1 0 2 0 7 50 0 -1 0.000 0 0 -1 0 0 2
	 5312 5113 5458 5113
2 1 0 2 0 7 50 0 -1 0.000 0 0 -1 0 0 2
	 6474 5103 6620 5103
-6
6 3834 2927 6061 4272
6 3834 2927 6061 4272
6 3834 2927 5827 4272
6 4200 3000 5088 3270
2 1 0 2 0 7 50 0 -1 0.000 0 0 7 0 0 8
	 4215 3135 4286 3015 4429 3255 4572 3015 4716 3255 4859 3015
	 5002 3255 5073 3135
-6
6 4200 3921 5088 4191
2 1 0 2 0 7 50 0 -1 0.000 0 0 7 0 0 8
	 4215 4056 4286 3936 4429 4176 4572 3936 4716 4176 4859 3936
	 5002 4176 5073 4056
-6
1 3 0 2 0 7 50 0 -1 0.000 1 0.0000 5481 3143 201 201 5481 3143 5661 3233
1 3 0 2 0 7 50 0 -1 0.000 1 0.0000 5481 4056 201 201 5481 4056 5661 4146
2 1 0 2 0 7 50 0 0 0.000 0 0 -1 0 0 2
	 3849 3597 4088 3144
2 1 0 2 0 7 50 0 0 0.000 0 0 -1 0 0 2
	 3854 3608 4093 4061
2 1 0 2 0 7 50 0 0 0.000 0 0 -1 0 0 2
	 4078 3139 4224 3139
2 1 0 2 0 7 50 0 0 0.000 0 0 -1 0 0 2
	 4078 4056 4224 4056
2 1 0 2 0 7 50 0 0 0.000 0 0 -1 0 0 2
	 5072 3144 5281 3144
2 1 0 2 0 7 50 0 0 0.000 0 0 -1 0 0 2
	 5072 4056 5281 4056
2 1 0 2 0 7 50 0 0 0.000 0 0 -1 0 0 2
	 5812 4045 5692 4045
-6
2 1 0 2 0 7 50 0 0 0.000 0 0 -1 0 0 2
	 6046 3613 5807 3160
2 1 0 2 0 7 50 0 0 0.000 0 0 -1 0 0 2
	 5812 3165 5692 3165
-6
2 1 0 2 0 7 50 0 0 0.000 0 0 -1 0 0 2
	 6046 3603 5807 4056
-6
6 5349 3939 5617 4155
4 0 0 50 0 0 14 0.0000 4 150 165 5349 4089 A\001
4 0 0 50 0 0 14 0.0000 4 150 105 5512 4155 2\001
-6
6 5359 3028 5607 3233
4 0 0 50 0 0 14 0.0000 4 150 165 5359 3178 A\001
4 0 0 50 0 0 14 0.0000 4 150 105 5502 3233 1\001
-6
1 3 0 2 0 7 50 0 0 0.000 1 0.0000 5515 5113 72 72 5515 5113 5552 5175
1 3 0 2 0 7 50 0 0 0.000 1 0.0000 6401 5103 72 72 6401 5103 6438 5165
1 3 0 2 0 7 50 0 -1 0.000 1 0.0000 6834 3609 201 201 6834 3609 7014 3699
2 1 0 2 0 7 50 0 -1 0.000 0 0 -1 0 0 2
	 6035 3616 6635 3616
2 1 0 2 0 7 50 0 0 0.000 0 0 -1 0 0 1
	 4088 3149
2 1 0 2 0 7 50 0 0 0.000 0 0 -1 0 0 1
	 4088 3149
2 1 0 2 0 7 50 0 0 0.000 0 0 -1 0 0 1
	 4088 3139
4 0 0 50 0 0 14 0.0000 4 105 120 6514 3547 +\001
4 0 0 50 0 0 14 0.0000 4 15 135 7093 3531 -\001
4 0 0 50 0 0 14 0.0000 4 195 1155 5432 5336 power supply\001
4 0 0 50 0 0 14 0.0000 4 105 120 5629 5166 +\001
4 0 0 50 0 0 14 0.0000 4 15 135 6171 5166 -\001
4 0 0 50 0 0 14 0.0000 4 150 165 6758 3683 A\001
