#FIG 3.2
Landscape
Center
Inches
Letter  
100.00
Single
-2
1200 2
5 1 0 1 0 0 50 0 20 0.000 0 0 0 0 5850.000 5325.000 6900 5400 5925 6375 4800 5400
5 1 0 1 0 7 50 0 20 0.000 0 1 0 0 5850.000 5325.000 5100 5400 5925 6075 6600 5400
2 1 0 1 0 7 50 0 -1 0.000 0 0 -1 0 0 4
	 4800 5400 4800 3075 5100 3075 5100 5400
2 1 0 1 0 7 50 0 -1 0.000 0 0 -1 0 0 4
	 6600 5400 6600 3075 6900 3075 6900 5400
2 2 0 1 0 7 50 0 -1 0.000 0 0 -1 0 0 5
	 3675 2400 8100 2400 8100 7050 3675 7050 3675 2400
2 2 0 1 0 7 50 0 10 0.000 0 0 -1 0 0 5
	 5100 5400 4800 5400 4800 4350 5100 4350 5100 5400
2 2 0 1 0 7 50 0 10 0.000 0 0 -1 0 0 5
	 6600 5400 6900 5400 6900 4050 6600 4050 6600 5400
2 1 0 2 0 7 50 0 10 0.000 0 0 -1 0 1 2
	1 1 1.00 60.00 120.00
	 5175 4350 5475 4350
2 1 0 2 0 7 50 0 10 0.000 0 0 -1 0 1 2
	1 1 1.00 60.00 120.00
	 6525 4050 6225 4050
2 1 0 2 0 7 50 0 10 0.000 0 0 -1 0 1 2
	1 1 1.00 60.00 120.00
	 5250 3375 5550 3375
2 1 0 1 0 7 50 0 51 0.000 0 0 -1 0 0 5
	 5175 3450 5175 3300 4725 3150 4725 3600 5175 3450
2 2 0 1 0 7 50 0 0 0.000 0 0 -1 0 0 5
	 4500 3225 4575 3225 4575 3450 4500 3450 4500 3225
2 2 0 1 0 7 50 0 0 0.000 0 0 -1 0 0 5
	 4725 3300 4575 3300 4575 3375 4725 3375 4725 3300
2 1 0 1 0 7 50 0 0 0.000 0 0 -1 1 0 2
	1 1 1.00 60.00 120.00
	 7350 4575 6975 4800
2 1 0 1 0 7 50 0 0 0.000 0 0 -1 1 0 2
	1 1 1.00 60.00 120.00
	 4125 2925 4425 3300
2 1 0 1 0 7 50 0 0 0.000 0 0 -1 1 0 2
	1 1 1.00 60.00 120.00
	 6525 6675 6150 6450
4 0 0 50 0 0 12 0.0000 4 90 90 5625 3375 a\001
4 0 0 50 0 0 12 0.0000 4 90 90 5550 4425 c\001
4 0 0 50 0 0 12 0.0000 4 135 90 6075 4125 b\001
4 0 0 50 0 0 12 0.0000 4 135 135 4875 2925 A\001
4 0 0 50 0 0 12 0.0000 4 135 120 6675 2925 B\001
4 0 0 50 0 0 12 0.0000 4 180 645 7350 4650 Mercury\001
4 0 0 50 0 0 12 0.0000 4 180 705 3750 2850 Stopcock\001
4 0 0 50 0 0 12 0.0000 4 135 405 6585 6780 Hose\001
