#FIG 3.2
Landscape
Center
Inches
Letter  
100.00
Single
-2
1200 2
6 1830 3525 3585 4515
2 4 0 2 0 7 50 0 10 0.000 0 0 7 0 0 5
	 3570 4500 3570 3750 1845 3750 1845 4500 3570 4500
4 0 0 50 0 0 14 0.0000 4 150 510 2445 3675 Laser\001
-6
2 1 0 2 0 7 50 0 -1 0.000 0 0 -1 0 0 2
	 4800 3075 4800 3900
2 1 0 2 0 7 50 0 -1 0.000 0 0 -1 0 0 2
	 4800 4350 4800 5175
2 1 0 2 0 7 50 0 -1 0.000 0 0 -1 0 0 2
	 4800 4050 4800 4200
2 2 0 2 0 7 50 0 -1 0.000 0 0 -1 0 0 5
	 7050 2925 8325 2925 8325 5400 7050 5400 7050 2925
2 1 0 2 0 7 50 0 -1 0.000 0 0 -1 0 0 7
	 7350 4650 7350 4425 7800 4425 7800 4950 7800 5100 7350 5100
	 7350 4875
2 1 0 4 0 7 50 0 -1 7.500 0 0 -1 0 0 2
	 7575 4425 7575 3225
2 1 0 4 0 7 50 0 -1 7.500 0 0 -1 0 0 2
	 7575 5100 7575 5250
2 1 0 4 0 7 50 0 -1 7.500 0 0 -1 0 0 2
	 7575 5325 7575 5175
2 1 1 2 0 7 50 0 -1 6.000 0 0 -1 0 0 4
	 7350 4875 7650 4875 7650 4650 7350 4650
2 1 0 2 0 7 50 0 -1 6.000 0 0 7 0 1 2
	1 1 4.00 60.00 120.00
	 7800 3750 8775 3225
2 1 0 2 0 7 50 0 -1 6.000 0 0 -1 0 1 2
	1 1 4.00 60.00 120.00
	 7950 4800 8550 5250
2 1 0 2 0 7 50 0 -1 6.000 0 0 -1 1 0 2
	1 1 4.00 60.00 120.00
	 4050 4125 4650 4125
2 1 0 2 0 7 50 0 -1 6.000 0 0 -1 1 0 2
	1 1 4.00 60.00 120.00
	 4950 4125 6900 4875
2 2 0 2 0 7 50 0 -1 0.000 0 0 -1 0 0 5
	 1500 2505 10050 2505 10050 5700 1500 5700 1500 2505
2 1 0 2 0 7 50 0 -1 6.000 0 0 -1 0 0 2
	 4125 4125 3675 4125
4 0 0 50 0 0 14 0.0000 4 150 360 4590 3000 Slits\001
4 0 0 50 0 0 14 0.0000 4 150 840 5685 4950 Scattered\001
4 0 0 50 0 0 14 0.0000 4 150 480 5910 5205 beam\001
4 0 0 50 0 0 14 0.0000 4 150 705 4020 4410 Incident\001
4 0 0 50 0 0 14 0.0000 4 150 480 4125 4620 beam\001
4 0 0 50 0 0 14 0.0000 4 150 420 8880 3285 Slide\001
4 0 0 50 0 0 14 0.0000 4 150 1890 6735 2850 Phototransistor mount\001
4 0 0 50 0 0 14 0.0000 4 150 1305 8610 5340 Phototransistor\001
