#FIG 3.2
Landscape
Center
Inches
Letter  
100.00
Single
-2
1200 2
6 3000 2325 7875 5850
2 1 0 2 0 7 50 0 -1 6.000 0 0 -1 1 0 2
	0 0 5.00 60.00 120.00
	 3600 5400 7800 5400
2 1 0 2 0 7 50 0 -1 6.000 0 0 -1 1 0 2
	0 0 5.00 60.00 120.00
	 3900 5550 3900 2400
4 0 0 50 0 0 14 1.5708 4 195 2715 3150 5250 Deflcetion from original position\001
4 0 0 50 0 0 14 1.5708 4 195 2445 3450 5100 (Measure of U-U repulsion)\001
4 0 0 50 0 0 14 0.0000 4 195 2445 4725 5775 Distance between two strips\001
4 0 0 50 0 0 14 0.0000 4 150 105 3375 5475 0\001
4 0 0 50 0 0 14 0.0000 4 150 105 3900 5775 0\001
-6
