#FIG 3.2
Landscape
Center
Inches
Letter  
100.00
Single
-2
1200 2
2 1 0 2 0 7 50 0 -1 0.000 0 0 -1 1 0 2
	1 1 4.00 60.00 120.00
	 4035 3570 5835 3570
2 2 0 2 0 7 50 0 -1 0.000 0 0 -1 0 0 5
	 3285 3000 8385 3000 8385 5565 3285 5565 3285 3000
2 1 0 2 0 7 50 0 -1 0.000 0 0 -1 0 0 4
	 3300 4050 4800 4050 4800 4650 3300 4650
2 1 0 2 0 7 50 0 -1 0.000 0 0 -1 0 0 4
	 8400 4050 6900 4050 6900 4650 8400 4650
4 0 0 50 0 0 14 0.0000 4 150 1605 6315 3615 Earth's North Pole\001
4 0 0 50 0 0 14 0.0000 4 150 120 4530 4425 S\001
4 0 0 50 0 0 14 0.0000 4 150 165 6990 4425 N\001
4 0 0 50 0 0 14 0.0000 4 195 825 7425 4425 Magnet 2\001
4 0 0 50 0 0 14 0.0000 4 195 825 3420 4425 Magnet 1\001
