#FIG 3.2
Landscape
Center
Inches
Letter  
100.00
Single
-2
1200 2
6 2175 2550 4725 5100
6 2175 2550 4725 5100
1 3 0 2 0 7 50 0 -1 6.000 1 0.0000 2700 3225 106 106 2700 3225 2775 3300
2 1 1 2 0 7 50 0 -1 6.000 0 0 -1 0 0 2
	 2775 3300 3975 4500
2 1 0 2 0 7 50 0 -1 6.000 0 0 -1 1 0 2
	1 1 2.00 60.00 120.00
	 4125 4650 4500 5025
2 1 0 2 0 7 50 0 -1 6.000 0 0 -1 1 0 2
	1 1 2.00 60.00 120.00
	 2625 3150 2250 2775
4 0 0 50 0 0 12 0.0000 4 135 105 4575 5100 F\001
4 0 0 50 0 0 12 0.0000 4 135 105 2400 2700 F\001
-6
1 3 0 2 0 7 50 0 -1 6.000 1 0.0000 4050 4575 106 106 4050 4575 4125 4650
-6
6 7275 2625 8925 5100
1 3 0 2 0 7 50 0 -1 6.000 1 0.0000 8775 4575 106 106 8775 4575 8850 4650
1 3 0 2 0 7 50 0 -1 6.000 1 0.0000 7425 3225 106 106 7425 3225 7500 3300
2 1 1 2 0 7 50 0 -1 6.000 0 0 -1 0 0 2
	 7500 3300 8700 4500
2 1 0 2 0 7 50 0 -1 6.000 0 0 -1 1 0 2
	1 1 2.00 60.00 120.00
	 7500 3150 7875 2775
2 1 0 2 0 7 50 0 -1 6.000 0 0 -1 1 0 2
	1 1 2.00 60.00 120.00
	 8700 4650 8325 5025
4 0 0 50 0 0 12 0.0000 4 135 105 8100 5100 F\001
4 0 0 50 0 0 12 0.0000 4 135 105 8025 2775 F\001
-6
4 0 0 50 0 0 14 0.0000 4 195 3360 1800 5550 Force along a line between two objects\001
4 0 0 50 0 0 14 0.0000 4 195 3510 6300 5550 Force at an angle to line between objects\001
