#FIG 3.2
Landscape
Center
Inches
Letter  
100.00
Single
-2
1200 2
6 5025 4800 7125 6900
5 1 0 1 0 7 50 0 -1 0.000 0 0 0 0 6075.000 5850.000 5142 5849 6074 4917 7008 5849
5 1 0 1 0 7 50 0 10 0.000 0 1 0 0 6075.000 5850.000 5142 5849 6074 6783 7008 5849
-6
2 2 0 1 0 7 50 0 -1 0.000 0 0 -1 0 0 5
	 4725 3225 7275 3225 7275 7275 4725 7275 4725 3225
2 2 0 1 0 7 50 0 -1 0.000 0 0 -1 0 0 5
	 6000 3975 6150 3975 6150 3375 6000 3375 6000 3975
2 2 0 1 0 7 50 0 10 0.000 0 0 7 0 0 5
	 6000 3975 6150 3975 6150 6225 6000 6225 6000 3975
2 1 0 2 0 7 50 0 10 0.000 0 0 -1 1 0 2
	1 1 1.00 60.00 120.00
	 5344 6778 5734 6403
4 0 0 50 0 0 12 0.0000 4 135 105 6300 4050 S\001
4 0 0 50 0 0 12 0.0000 4 135 120 7050 5925 B\001
4 0 0 50 0 0 12 0.0000 4 90 60 5775 5625 r\001
4 0 0 50 0 0 12 0.0000 4 135 45 5775 5415 i\001
4 0 0 50 0 0 12 0.0000 4 135 135 5730 5205 A\001
4 0 0 50 0 0 12 0.0000 4 180 225 5068 6970 Hg\001
