   0   450            1    7.344e+228     7.344e+228     5.50e-74
   1   449          240    4.242e+228     1.018e+231     7.62e-72
   2   448       28920    2.448e+228     7.081e+232     5.30e-70
   3   447    2332880    1.412e+228     3.293e+234     2.47e-68
   4   446  141722460    8.132e+227     1.152e+236     8.63e-67
   5   445  6.916e+9       4.680e+227     3.236e+237     2.42e-65
   6   444  2.824e+11      2.690e+227     7.598e+238     5.69e-64
   7   443  9.925e+12      1.545e+227     1.534e+240     1.15e-62
   8   442  3.064e+14      8.868e+226     2.717e+241     2.03e-61
   9   441  8.444e+15      5.084e+226     4.292e+242     3.21e-60
  10   440  2.102e+17      2.912e+226     6.121e+243     4.58e-59
  11   439  4.778e+18      1.666e+226     7.960e+244     5.96e-58
  12   438  9.995e+19      9.523e+225     9.518e+245     7.13e-57
  13   437  1.937e+21      5.438e+225     1.054e+247     7.89e-56
  14   436  3.501e+22      3.102e+225     1.086e+248     8.13e-55
  15   435  5.929e+23      1.768e+225     1.048e+249     7.85e-54
  16   434  9.449e+24      1.007e+225     9.512e+249     7.12e-53
  17   433  1.423e+26      5.726e+224     8.148e+250     6.10e-52
  18   432  2.032e+27      3.254e+224     6.611e+251     4.95e-51
  19   431  2.759e+28      1.847e+224     5.096e+252     3.82e-50
  20   430  3.572e+29      1.048e+224     3.742e+253     2.80e-49
  21   429  4.423e+30      5.935e+223     2.625e+254     1.97e-48
  22   428  5.247e+31      3.359e+223     1.762e+255     1.32e-47
  23   427  5.977e+32      1.899e+223     1.135e+256     8.50e-47
  24   426  6.550e+33      1.073e+223     7.026e+256     5.26e-46
  25   425  6.917e+34      6.052e+222     4.186e+257     3.13e-45
  26   424  7.050e+35      3.411e+222     2.405e+258     1.80e-44
  27   423  6.946e+36      1.921e+222     1.334e+259     9.99e-44
  28   422  6.623e+37      1.080e+222     7.156e+259     5.36e-43
  29   421  6.121e+38      6.071e+221     3.716e+260     2.78e-42
  30   420  5.488e+39      3.408e+221     1.870e+261     1.40e-41
  31   419  4.780e+40      1.911e+221     9.135e+261     6.84e-41
  32   418  4.048e+41      1.071e+221     4.334e+262     3.24e-40
  33   417  3.337e+42      5.990e+220     1.999e+263     1.50e-39
  34   416  2.679e+43      3.348e+220     8.971e+263     6.72e-39
  35   415  2.097e+44      1.870e+220     3.922e+264     2.94e-38
  36   414  1.602e+45      1.043e+220     1.671e+265     1.25e-37
  37   413  1.195e+46      5.811e+219     6.945e+265     5.20e-37
  38   412  8.712e+46      3.235e+219     2.818e+266     2.11e-36
  39   411  6.210e+47      1.798e+219     1.117e+267     8.36e-36
  40   410  4.331e+48      9.989e+218     4.326e+267     3.24e-35
  41   409  2.958e+49      5.542e+218     1.639e+268     1.23e-34
  42   408  1.979e+50      3.071e+218     6.078e+268     4.55e-34
  43   407  1.298e+51      1.700e+218     2.207e+269     1.65e-33
  44   406  8.348e+51      9.402e+217     7.849e+269     5.88e-33
  45   405  5.268e+52      5.193e+217     2.736e+270     2.05e-32
  46   404  3.264e+53      2.866e+217     9.354e+270     7.00e-32
  47   403  1.986e+54      1.579e+217     3.137e+271     2.35e-31
  48   402  1.188e+55      8.695e+216     1.033e+272     7.73e-31
  49   401  6.980e+55      4.782e+216     3.338e+272     2.50e-30
  50   400  4.035e+56      2.627e+216     1.060e+273     7.93e-30
  51   399  2.294e+57      1.441e+216     3.307e+273     2.48e-29
  52   398  1.284e+58      7.899e+215     1.014e+274     7.59e-29
  53   397  7.073e+58      4.325e+215     3.059e+274     2.29e-28
  54   396  3.838e+59      2.365e+215     9.076e+274     6.79e-28
  55   395  2.052e+60      1.292e+215     2.650e+275     1.98e-27
  56   394  1.081e+61      7.047e+214     7.616e+275     5.70e-27
  57   393  5.612e+61      3.840e+214     2.155e+276     1.61e-26
  58   392  2.874e+62      2.090e+214     6.007e+276     4.50e-26
  59   391  1.452e+63      1.137e+214     1.650e+277     1.24e-25
  60   390  7.234e+63      6.172e+213     4.464e+277     3.34e-25
  61   389  3.557e+64      3.348e+213     1.191e+278     8.92e-25
  62   388  1.727e+65      1.814e+213     3.133e+278     2.35e-24
  63   387  8.279e+65      9.815e+212     8.126e+278     6.08e-24
  64   386  3.920e+66      5.305e+212     2.079e+279     1.56e-23
  65   385  1.833e+67      2.864e+212     5.250e+279     3.93e-23
  66   384  8.472e+67      1.544e+212     1.308e+280     9.79e-23
  67   383  3.869e+68      8.317e+211     3.218e+280     2.41e-22
  68   382  1.747e+69      4.474e+211     7.815e+280     5.85e-22
  69   381  7.797e+69      2.404e+211     1.874e+281     1.40e-21
  70   380  3.442e+70      1.290e+211     4.440e+281     3.32e-21
  71   379  1.503e+71      6.913e+210     1.039e+282     7.78e-21
  72   378  6.491e+71      3.701e+210     2.402e+282     1.80e-20
  73   377  2.774e+72      1.979e+210     5.489e+282     4.11e-20
  74   376  1.173e+73      1.057e+210     1.240e+283     9.28e-20
  75   375  4.913e+73      5.635e+209     2.769e+283     2.07e-19
  76   374  2.036e+74      3.002e+209     6.112e+283     4.58e-19
  77   373  8.357e+74      1.597e+209     1.334e+284     9.99e-19
  78   372  3.396e+75      8.485e+208     2.882e+284     2.16e-18
  79   371  1.367e+76      4.503e+208     6.156e+284     4.61e-18
  80   370  5.451e+76      2.386e+208     1.301e+285     9.74e-18
  81   369  2.154e+77      1.263e+208     2.720e+285     2.04e-17
  82   368  8.431e+77      6.678e+207     5.630e+285     4.21e-17
  83   367  3.271e+78      3.526e+207     1.153e+286     8.63e-17
  84   366  1.258e+79      1.859e+207     2.338e+286     1.75e-16
  85   365  4.794e+79      9.791e+206     4.694e+286     3.51e-16
  86   364  1.812e+80      5.149e+206     9.329e+286     6.98e-16
  87   363  6.788e+80      2.705e+206     1.836e+287     1.37e-15
  88   362  2.523e+81      1.419e+206     3.579e+287     2.68e-15
  89   361  9.296e+81      7.433e+205     6.910e+287     5.17e-15
  90   360  3.398e+82      3.889e+205     1.322e+288     9.89e-15
  91   359  1.232e+83      2.032e+205     2.504e+288     1.87e-14
  92   358  4.434e+83      1.060e+205     4.701e+288     3.52e-14
  93   357  1.583e+84      5.525e+204     8.745e+288     6.55e-14
  94   356  5.607e+84      2.875e+204     1.612e+289     1.21e-13
  95   355  1.971e+85      1.494e+204     2.946e+289     2.21e-13
  96   354  6.879e+85      7.755e+203     5.335e+289     3.99e-13
  97   353  2.383e+86      4.020e+203     9.579e+289     7.17e-13
  98   352  8.195e+86      2.081e+203     1.705e+290     1.28e-12
  99   351  2.798e+87      1.075e+203     3.009e+290     2.25e-12
 100   350  9.484e+87      5.551e+202     5.265e+290     3.94e-12
 101   349  3.193e+88      2.861e+202     9.135e+290     6.84e-12
 102   348  1.067e+89      1.473e+202     1.572e+291     1.18e-11
 103   347  3.544e+89      7.571e+201     2.683e+291     2.01e-11
 104   346  1.169e+90      3.886e+201     4.543e+291     3.40e-11
 105   345  3.829e+90      1.992e+201     7.628e+291     5.71e-11
 106   344  1.246e+91      1.020e+201     1.271e+292     9.51e-11
 107   343  4.030e+91      5.212e+200     2.101e+292     1.57e-10
 108   342  1.295e+92      2.660e+200     3.445e+292     2.58e-10
 109   341  4.134e+92      1.356e+200     5.606e+292     4.20e-10
 110   340  1.312e+93      6.901e+199     9.052e+292     6.78e-10
 111   339  4.136e+93      3.507e+199     1.451e+293     1.09e-9
 112   338  1.296e+94      1.780e+199     2.307e+293     1.73e-9
 113   337  4.038e+94      9.019e+198     3.642e+293     2.73e-9
 114   336  1.250e+95      4.564e+198     5.706e+293     4.27e-9
 115   335  3.849e+95      2.306e+198     8.875e+293     6.64e-9
 116   334  1.178e+96      1.163e+198     1.370e+294     1.03e-8
 117   333  3.584e+96      5.861e+197     2.100e+294     1.57e-8
 118   332  1.084e+97      2.948e+197     3.197e+294     2.39e-8
 119   331  3.262e+97      1.481e+197     4.830e+294     3.62e-8
 120   330  9.758e+97      7.426e+196     7.247e+294     5.43e-8
 121   329  2.903e+98      3.719e+196     1.080e+295     8.08e-8
 122   328  8.591e+98      1.859e+196     1.597e+295     1.20e-7
 123   327  2.528e+99      9.283e+195     2.347e+295     1.76e-7
 124   326  7.402e+99      4.627e+195     3.425e+295     2.56e-7
 125   325  2.155e+100     2.303e+195     4.964e+295     3.72e-7
 126   324  6.244e+100     1.144e+195     7.146e+295     5.35e-7
 127   323  1.799e+101     5.679e+194     1.022e+296     7.65e-7
 128   322  5.159e+101     2.813e+194     1.451e+296     1.09e-6
 129   321  1.472e+102     1.391e+194     2.048e+296     1.53e-6
 130   320  4.177e+102     6.872e+193     2.871e+296     2.15e-6
 131   319  1.180e+103     3.388e+193     3.998e+296     2.99e-6
 132   318  3.316e+103     1.668e+193     5.531e+296     4.14e-6
 133   317  9.276e+103     8.198e+192     7.604e+296     5.69e-6
 134   316  2.582e+104     4.023e+192     1.039e+297     7.78e-6
 135   315  7.153e+104     1.971e+192     1.410e+297     1.06e-5
 136   314  1.972e+105     9.640e+191     1.901e+297     1.42e-5
 137   313  5.413e+105     4.708e+191     2.548e+297     1.91e-5
 138   312  1.479e+106     2.295e+191     3.394e+297     2.54e-5
 139   311  4.021e+106     1.117e+191     4.492e+297     3.36e-5
 140   310  1.089e+107     5.429e+190     5.910e+297     4.42e-5
 141   309  2.934e+107     2.634e+190     7.727e+297     5.78e-5
 142   308  7.872e+107     1.276e+190     1.004e+298     7.52e-5
 143   307  2.103e+108     6.167e+189     1.297e+298     9.71e-5
 144   306  5.593e+108     2.977e+189     1.665e+298     0.00012
 145   305  1.481e+109     1.435e+189     2.125e+298     0.00016
 146   304  3.906e+109     6.901e+188     2.696e+298     0.00020
 147   303  1.026e+110     3.314e+188     3.399e+298     0.00025
 148   302  2.682e+110     1.589e+188     4.262e+298     0.00032
 149   301  6.984e+110     7.605e+187     5.311e+298     0.00040
 150   300  1.811e+111     3.634e+187     6.581e+298     0.00049
 151   299  4.678e+111     1.733e+187     8.107e+298     0.00061
 152   298  1.203e+112     8.251e+186     9.929e+298     0.00074
 153   297  3.083e+112     3.922e+186     1.209e+299     0.00091
 154   296  7.867e+112     1.861e+186     1.464e+299     0.00110
 155   295  2.000e+113     8.812e+185     1.762e+299     0.00132
 156   294  5.064e+113     4.166e+185     2.109e+299     0.00158
 157   293  1.277e+114     1.966e+185     2.511e+299     0.00188
 158   292  3.209e+114     9.260e+184     2.972e+299     0.00222
 159   291  8.033e+114     4.354e+184     3.498e+299     0.00262
 160   290  2.003e+115     2.044e+184     4.094e+299     0.00307
 161   289  4.977e+115     9.575e+183     4.765e+299     0.00357
 162   288  1.232e+116     4.478e+183     5.516e+299     0.00413
 163   287  3.038e+116     2.090e+183     6.350e+299     0.00475
 164   286  7.466e+116     9.738e+182     7.270e+299     0.00544
 165   285  1.828e+117     4.528e+182     8.278e+299     0.00620
 166   284  4.460e+117     2.102e+182     9.375e+299     0.00702
 167   283  1.084e+118     9.738e+181     1.056e+300     0.00791
 168   282  2.627e+118     4.503e+181     1.183e+300     0.00886
 169   281  6.342e+118     2.078e+181     1.318e+300     0.00987
 170   280  1.526e+119     9.574e+180     1.461e+300     0.01094
 171   279  3.658e+119     4.402e+180     1.610e+300     0.01206
 172   278  8.742e+119     2.020e+180     1.766e+300     0.01322
 173   277  2.082e+120     9.251e+179     1.926e+300     0.01442
 174   276  4.941e+120     4.229e+179     2.089e+300     0.01564
 175   275  1.169e+121     1.929e+179     2.255e+300     0.01688
 176   274  2.756e+121     8.783e+178     2.421e+300     0.01813
 177   273  6.478e+121     3.991e+178     2.585e+300     0.01936
 178   272  1.518e+122     1.810e+178     2.747e+300     0.02056
 179   271  3.544e+122     8.191e+177     2.903e+300     0.02173
 180   270  8.250e+122     3.700e+177     3.052e+300     0.02285
 181   269  1.914e+123     1.668e+177     3.192e+300     0.02390
 182   268  4.428e+123     7.501e+176     3.322e+300     0.02487
 183   267  1.021e+124     3.368e+176     3.439e+300     0.02574
 184   266  2.348e+124     1.509e+176     3.541e+300     0.02651
 185   265  5.380e+124     6.744e+175     3.629e+300     0.02717
 186   264  1.229e+125     3.009e+175     3.699e+300     0.02769
 187   263  2.801e+125     1.340e+175     3.751e+300     0.02809
 188   262  6.361e+125     5.951e+174     3.785e+300     0.02834
 189   261  1.440e+126     2.638e+174     3.800e+300     0.02845
 190   260  3.252e+126     1.167e+174     3.796e+300     0.02842
 191   259  7.322e+126     5.152e+173     3.772e+300     0.02824
 192   258  1.644e+127     2.269e+173     3.730e+300     0.02792
 193   257  3.679e+127     9.973e+172     3.669e+300     0.02747
 194   256  8.212e+127     4.374e+172     3.592e+300     0.02689
 195   255  1.828e+128     1.914e+172     3.498e+300     0.02619
 196   254  4.056e+128     8.358e+171     3.390e+300     0.02538
 197   253  8.977e+128     3.641e+171     3.269e+300     0.02447
 198   252  1.981e+129     1.583e+171     3.136e+300     0.02348
 199   251  4.361e+129     6.866e+170     2.994e+300     0.02242
 200   250  9.572e+129     2.971e+170     2.844e+300     0.02129
 201   249  2.095e+130     1.283e+170     2.688e+300     0.02013
 202   248  4.575e+130     5.527e+169     2.528e+300     0.01893
 203   247  9.960e+130     2.375e+169     2.366e+300     0.01771
 204   246  2.163e+131     1.019e+169     2.203e+300     0.01649
 205   245  4.685e+131     4.358e+168     2.042e+300     0.01528
 206   244  1.012e+132     1.860e+168     1.882e+300     0.01409
 207   243  2.180e+132     7.921e+167     1.727e+300     0.01293
 208   242  4.686e+132     3.365e+167     1.577e+300     0.01180
 209   241  1.004e+133     1.426e+167     1.432e+300     0.01072
 210   240  2.148e+133     6.030e+166     1.295e+300     0.00969
 211   239  4.580e+133     2.543e+166     1.165e+300     0.00872
 212   238  9.743e+133     1.070e+166     1.043e+300     0.00781
 213   237  2.068e+134     4.492e+165     9.288e+299     0.00695
 214   236  4.377e+134     1.881e+165     8.232e+299     0.00616
 215   235  9.242e+134     7.857e+164     7.261e+299     0.00544
 216   234  1.947e+135     3.274e+164     6.373e+299     0.00477
 217   233  4.091e+135     1.361e+164     5.566e+299     0.00417
 218   232  8.576e+135     5.641e+163     4.838e+299     0.00362
 219   231  1.794e+136     2.333e+163     4.184e+299     0.00313
 220   230  3.742e+136     9.623e+162     3.601e+299     0.00270
 221   229  7.789e+136     3.959e+162     3.084e+299     0.00231
 222   228  1.617e+137     1.625e+162     2.628e+299     0.00197
 223   227  3.351e+137     6.651e+161     2.229e+299     0.00167
 224   226  6.926e+137     2.715e+161     1.881e+299     0.00141
 225   225  1.428e+138     1.106e+161     1.579e+299     0.00118
 226   224  2.939e+138     4.491e+160     1.320e+299     0.00099
 227   223  6.033e+138     1.819e+160     1.097e+299     0.00082
 228   222  1.236e+139     7.349e+159     9.081e+298     0.00068
 229   221  2.525e+139     2.961e+159     7.477e+298     0.00056
 230   220  5.149e+139     1.190e+159     6.127e+298     0.00046
 231   219  1.048e+140     4.768e+158     4.995e+298     0.00037
 232   218  2.127e+140     1.905e+158     4.053e+298     0.00030
 233   217  4.309e+140     7.593e+157     3.272e+298     0.00024
 234   216  8.710e+140     3.018e+157     2.629e+298     0.00020
 235   215  1.757e+141     1.196e+157     2.101e+298     0.00016
 236   214  3.536e+141     4.727e+156     1.672e+298     0.00013
 237   213  7.102e+141     1.863e+156     1.323e+298     9.91e-5
 238   212  1.423e+142     7.321e+155     1.042e+298     7.80e-5
 239   211  2.847e+142     2.869e+155     8.167e+297     6.11e-5
 240   210  5.681e+142     1.121e+155     6.369e+297     4.77e-5
 241   209  1.132e+143     4.368e+154     4.942e+297     3.70e-5
 242   208  2.249e+143     1.697e+154     3.816e+297     2.86e-5
 243   207  4.461e+143     6.572e+153     2.932e+297     2.20e-5
 244   206  8.831e+143     2.538e+153     2.241e+297     1.68e-5
 245   205  1.745e+144     9.773e+152     1.705e+297     1.28e-5
 246   204  3.440e+144     3.752e+152     1.290e+297     9.66e-6
 247   203  6.768e+144     1.436e+152     9.718e+296     7.28e-6
 248   202  1.329e+145     5.479e+151     7.282e+296     5.45e-6
 249   201  2.605e+145     2.084e+151     5.429e+296     4.06e-6
 250   200  5.095e+145     7.905e+150     4.027e+296     3.02e-6
 251   199  9.946e+145     2.989e+150     2.972e+296     2.23e-6
 252   198  1.938e+146     1.126e+150     2.183e+296     1.63e-6
 253   197  3.768e+146     4.232e+149     1.595e+296     1.19e-6
 254   196  7.314e+146     1.585e+149     1.159e+296     8.68e-7
 255   195  1.417e+147     5.917e+148     8.385e+295     6.28e-7
 256   194  2.740e+147     2.202e+148     6.033e+295     4.52e-7
 257   193  5.288e+147     8.168e+147     4.319e+295     3.23e-7
 258   192  1.019e+148     3.020e+147     3.076e+295     2.30e-7
 259   191  1.959e+148     1.113e+147     2.180e+295     1.63e-7
 260   190  3.759e+148     4.088e+146     1.537e+295     1.15e-7
 261   189  7.201e+148     1.497e+146     1.078e+295     8.07e-8
 262   188  1.377e+149     5.460e+145     7.519e+294     5.63e-8
 263   187  2.628e+149     1.986e+145     5.219e+294     3.91e-8
 264   186  5.008e+149     7.196e+144     3.604e+294     2.70e-8
 265   185  9.524e+149     2.599e+144     2.475e+294     1.85e-8
 266   184  1.808e+150     9.354e+143     1.691e+294     1.27e-8
 267   183  3.427e+150     3.355e+143     1.150e+294     8.61e-9
 268   182  6.483e+150     1.199e+143     7.774e+293     5.82e-9
 269   181  1.224e+151     4.271e+142     5.229e+293     3.91e-9
 270   180  2.308e+151     1.516e+142     3.498e+293     2.62e-9
 271   179  4.343e+151     5.360e+141     2.328e+293     1.74e-9
 272   178  8.159e+151     1.889e+141     1.541e+293     1.15e-9
 273   177  1.530e+152     6.631e+140     1.015e+293     7.60e-10
 274   176  2.865e+152     2.320e+140     6.646e+292     4.98e-10
 275   175  5.355e+152     8.084e+139     4.329e+292     3.24e-10
 276   174  9.992e+152     2.807e+139     2.805e+292     2.10e-10
 277   173  1.861e+153     9.710e+138     1.807e+292     1.35e-10
 278   172  3.462e+153     3.346e+138     1.158e+292     8.67e-11
 279   171  6.427e+153     1.149e+138     7.384e+291     5.53e-11
 280   170  1.191e+154     3.929e+137     4.681e+291     3.50e-11
 281   169  2.205e+154     1.339e+137     2.951e+291     2.21e-11
 282   168  4.073e+154     4.543e+136     1.850e+291     1.39e-11
 283   167  7.513e+154     1.536e+136     1.154e+291     8.64e-12
 284   166  1.383e+155     5.170e+135     7.152e+290     5.35e-12
 285   165  2.544e+155     1.734e+135     4.410e+290     3.30e-12
 286   164  4.669e+155     5.791e+134     2.704e+290     2.02e-12
 287   163  8.558e+155     1.926e+134     1.649e+290     1.23e-12
 288   162  1.566e+156     6.382e+133     9.994e+289     7.48e-13
 289   161  2.861e+156     2.106e+133     6.024e+289     4.51e-13
 290   160  5.219e+156     6.919e+132     3.611e+289     2.70e-13
 291   159  9.505e+156     2.264e+132     2.152e+289     1.61e-13
 292   158  1.728e+157     7.376e+131     1.275e+289     9.54e-14
 293   157  3.138e+157     2.393e+131     7.510e+288     5.62e-14
 294   156  5.690e+157     7.731e+130     4.398e+288     3.29e-14
 295   155  1.030e+158     2.487e+130     2.561e+288     1.92e-14
 296   154  1.862e+158     7.963e+129     1.482e+288     1.11e-14
 297   153  3.359e+158     2.539e+129     8.530e+287     6.39e-15
 298   152  6.054e+158     8.059e+128     4.879e+287     3.65e-15
 299   151  1.089e+159     2.547e+128     2.774e+287     2.08e-15
 300   150  1.957e+159     8.012e+127     1.568e+287     1.17e-15
 301   149  3.511e+159     2.509e+127     8.809e+286     6.59e-16
 302   148  6.290e+159     7.821e+126     4.919e+286     3.68e-16
 303   147  1.125e+160     2.427e+126     2.730e+286     2.04e-16
 304   146  2.010e+160     7.494e+125     1.506e+286     1.13e-16
 305   145  3.584e+160     2.303e+125     8.256e+285     6.18e-17
 306   144  6.384e+160     7.046e+124     4.498e+285     3.37e-17
 307   143  1.135e+161     2.145e+124     2.435e+285     1.82e-17
 308   142  2.016e+161     6.499e+123     1.310e+285     9.81e-18
 309   141  3.576e+161     1.959e+123     7.007e+284     5.25e-18
 310   140  6.333e+161     5.878e+122     3.723e+284     2.79e-18
 311   139  1.120e+162     1.755e+122     1.965e+284     1.47e-18
 312   138  1.978e+162     5.211e+121     1.031e+284     7.72e-19
 313   137  3.488e+162     1.540e+121     5.372e+283     4.02e-19
 314   136  6.143e+162     4.527e+120     2.781e+283     2.08e-19
 315   135  1.080e+163     1.324e+120     1.431e+283     1.07e-19
 316   134  1.898e+163     3.853e+119     7.311e+282     5.47e-20
 317   133  3.328e+163     1.115e+119     3.711e+282     2.78e-20
 318   132  5.830e+163     3.210e+118     1.871e+282     1.40e-20
 319   131  1.020e+164     9.191e+117     9.372e+281     7.02e-21
 320   130  1.781e+164     2.617e+117     4.663e+281     3.49e-21
 321   129  3.108e+164     7.413e+116     2.304e+281     1.72e-21
 322   128  5.414e+164     2.088e+116     1.130e+281     8.46e-22
 323   127  9.421e+164     5.848e+115     5.509e+280     4.12e-22
 324   126  1.637e+165     1.629e+115     2.666e+280     2.00e-22
 325   125  2.841e+165     4.510e+114     1.281e+280     9.59e-23
 326   124  4.923e+165     1.242e+114     6.114e+279     4.58e-23
 327   123  8.522e+165     3.399e+113     2.897e+279     2.17e-23
 328   122  1.473e+166     9.250e+112     1.363e+279     1.02e-23
 329   121  2.543e+166     2.502e+112     6.364e+278     4.76e-24
 330   120  4.385e+166     6.729e+111     2.951e+278     2.21e-24
 331   119  7.552e+166     1.798e+111     1.358e+278     1.02e-24
 332   118  1.299e+167     4.777e+110     6.204e+277     4.64e-25
 333   117  2.231e+167     1.261e+110     2.813e+277     2.11e-25
 334   116  3.827e+167     3.308e+109     1.266e+277     9.48e-26
 335   115  6.558e+167     8.623e+108     5.655e+276     4.23e-26
 336   114  1.122e+168     2.233e+108     2.506e+276     1.88e-26
 337   113  1.918e+168     5.747e+107     1.102e+276     8.25e-27
 338   112  3.275e+168     1.469e+107     4.811e+275     3.60e-27
 339   111  5.583e+168     3.732e+106     2.083e+275     1.56e-27
 340   110  9.508e+168     9.414e+105     8.950e+274     6.70e-28
 341   109  1.617e+169     2.359e+105     3.815e+274     2.86e-28
 342   108  2.747e+169     5.870e+104     1.613e+274     1.21e-28
 343   107  4.662e+169     1.451e+104     6.763e+273     5.06e-29
 344   106  7.900e+169     3.560e+103     2.813e+273     2.11e-29
 345   105  1.337e+170     8.676e+102     1.160e+273     8.69e-30
 346   104  2.261e+170     2.099e+102     4.746e+272     3.55e-30
 347   103  3.818e+170     5.041e+101     1.925e+272     1.44e-30
 348   102  6.441e+170     1.202e+101     7.742e+271     5.80e-31
 349   101  1.085e+171     2.845e+100     3.087e+271     2.31e-31
 350   100  1.826e+171     6.682e+99      1.220e+271     9.13e-32
 351    99  3.070e+171     1.557e+99      4.781e+270     3.58e-32
 352    98  5.154e+171     3.603e+98      1.857e+270     1.39e-32
 353    97  8.643e+171     8.268e+97      7.146e+269     5.35e-33
 354    96  1.448e+172     1.883e+97      2.726e+269     2.04e-33
 355    95  2.423e+172     4.253e+96      1.030e+269     7.71e-34
 356    94  4.049e+172     9.528e+95      3.858e+268     2.89e-34
 357    93  6.760e+172     2.117e+95      1.431e+268     1.07e-34
 358    92  1.127e+173     4.666e+94      5.260e+267     3.94e-35
 359    91  1.878e+173     1.020e+94      1.915e+267     1.43e-35
 360    90  3.124e+173     2.209e+93      6.903e+266     5.17e-36
 361    89  5.193e+173     4.746e+92      2.464e+266     1.84e-36
 362    88  8.621e+173     1.010e+92      8.711e+265     6.52e-37
 363    87  1.430e+174     2.132e+91      3.049e+265     2.28e-37
 364    86  2.368e+174     4.460e+90      1.056e+265     7.91e-38
 365    85  3.919e+174     9.241e+89      3.622e+264     2.71e-38
 366    84  6.479e+174     1.897e+89      1.229e+264     9.20e-39
 367    83  1.070e+175     3.859e+88      4.128e+263     3.09e-39
 368    82  1.765e+175     7.774e+87      1.372e+263     1.03e-39
 369    81  2.907e+175     1.551e+87      4.510e+262     3.38e-40
 370    80  4.785e+175     3.064e+86      1.466e+262     1.10e-40
 371    79  7.868e+175     5.994e+85      4.716e+261     3.53e-41
 372    78  1.292e+176     1.161e+85      1.500e+261     1.12e-41
 373    77  2.120e+176     2.224e+84      4.716e+260     3.53e-42
 374    76  3.475e+176     4.218e+83      1.466e+260     1.10e-42
 375    75  5.690e+176     7.916e+82      4.504e+259     3.37e-43
 376    74  9.308e+176     1.470e+82      1.368e+259     1.02e-43
 377    73  1.521e+177     2.698e+81      4.104e+258     3.07e-44
 378    72  2.482e+177     4.900e+80      1.216e+258     9.11e-45
 379    71  4.048e+177     8.798e+79      3.561e+257     2.67e-45
 380    70  6.594e+177     1.562e+79      1.030e+257     7.71e-46
 381    69  1.073e+178     2.740e+78      2.940e+256     2.20e-46
 382    68  1.744e+178     4.750e+77      8.285e+255     6.20e-47
 383    67  2.833e+178     8.136e+76      2.305e+255     1.73e-47
 384    66  4.596e+178     1.376e+76      6.326e+254     4.74e-48
 385    65  7.449e+178     2.300e+75      1.713e+254     1.28e-48
 386    64  1.206e+179     3.794e+74      4.576e+253     3.43e-49
 387    63  1.951e+179     6.179e+73      1.206e+253     9.03e-50
 388    62  3.153e+179     9.931e+72      3.131e+252     2.34e-50
 389    61  5.090e+179     1.575e+72      8.015e+251     6.00e-51
 390    60  8.209e+179     2.463e+71      2.022e+251     1.51e-51
 391    59  1.323e+180     3.799e+70      5.025e+250     3.76e-52
 392    58  2.129e+180     5.777e+69      1.230e+250     9.21e-53
 393    57  3.424e+180     8.658e+68      2.964e+249     2.22e-53
 394    56  5.501e+180     1.278e+68      7.032e+248     5.26e-54
 395    55  8.829e+180     1.860e+67      1.642e+248     1.23e-54
 396    54  1.416e+181     2.663e+66      3.771e+247     2.82e-55
 397    53  2.268e+181     3.755e+65      8.517e+246     6.38e-56
 398    52  3.630e+181     5.210e+64      1.891e+246     1.42e-56
 399    51  5.804e+181     7.111e+63      4.128e+245     3.09e-57
 400    50  9.273e+181     9.544e+62      8.849e+244     6.63e-58
 401    49  1.480e+182     1.259e+62      1.863e+244     1.40e-58
 402    48  2.360e+182     1.632e+61      3.851e+243     2.88e-59
 403    47  3.759e+182     2.078e+60      7.812e+242     5.85e-60
 404    46  5.983e+182     2.598e+59      1.554e+242     1.16e-60
 405    45  9.514e+182     3.186e+58      3.031e+241     2.27e-61
 406    44  1.511e+183     3.834e+57      5.795e+240     4.34e-62
 407    43  2.399e+183     4.522e+56      1.085e+240     8.12e-63
 408    42  3.804e+183     5.228e+55      1.989e+239     1.49e-63
 409    41  6.027e+183     5.918e+54      3.567e+238     2.67e-64
 410    40  9.541e+183     6.558e+53      6.257e+237     4.68e-65
 411    39  1.509e+184     7.109e+52      1.073e+237     8.03e-66
 412    38  2.384e+184     7.534e+51      1.796e+236     1.34e-66
 413    37  3.764e+184     7.801e+50      2.936e+235     2.20e-67
 414    36  5.937e+184     7.886e+49      4.682e+234     3.51e-68
 415    35  9.356e+184     7.778e+48      7.277e+233     5.45e-69
 416    34  1.473e+185     7.479e+47      1.102e+233     8.25e-70
 417    33  2.317e+185     7.005e+46      1.623e+232     1.22e-70
 418    32  3.642e+185     6.386e+45      2.326e+231     1.74e-71
 419    31  5.720e+185     5.660e+44      3.238e+230     2.42e-72
 420    30  8.975e+185     4.874e+43      4.375e+229     3.28e-73
 421    29  1.407e+186     4.073e+42      5.731e+228     4.29e-74
 422    28  2.204e+186     3.299e+41      7.272e+227     5.44e-75
 423    27  3.449e+186     2.588e+40      8.926e+226     6.68e-76
 424    26  5.393e+186     1.963e+39      1.059e+226     7.92e-77
 425    25  8.426e+186     1.437e+38      1.211e+225     9.07e-78
 426    24  1.315e+187     1.015e+37      1.335e+224     10.00e-79
 427    23  2.052e+187     6.902e+35      1.416e+223     1.06e-79
 428    22  3.197e+187     4.510e+34      1.442e+222     1.08e-80
 429    21  4.978e+187     2.827e+33      1.407e+221     1.05e-81
 430    20  7.745e+187     1.696e+32      1.314e+220     9.83e-83
 431    19  1.204e+188     9.719e+30      1.170e+219     8.76e-84
 432    18  1.870e+188     5.306e+29      9.924e+217     7.43e-85
 433    17  2.902e+188     2.753e+28      7.989e+216     5.98e-86
 434    16  4.501e+188     1.352e+27      6.087e+215     4.56e-87
 435    15  6.974e+188     6.272e+25      4.374e+214     3.27e-88
 436    14  1.080e+189     2.735e+24      2.953e+213     2.21e-89
 437    13  1.670e+189     1.116e+23      1.864e+212     1.40e-90
 438    12  2.581e+189     4.243e+21      1.095e+211     8.20e-92
 439    11  3.987e+189     1.493e+20      5.953e+209     4.46e-93
 440    10  6.152e+189     4.831e+18      2.972e+208     2.23e-94
 441     9  9.487e+189     1.425e+17      1.352e+207     1.01e-95
 442     8  1.462e+190     3.795e+15      5.546e+205     4.15e-97
 443     7  2.250e+190     9.008e+13      2.027e+204     1.52e-98
 444     6  3.461e+190     1.877e+12      6.496e+202     4.86e-100
 445     5  5.320e+190     3.361e+10      1.788e+201     1.34e-101
 446     4  8.172e+190     503167995    4.112e+199     3.08e-103
 447     3  1.254e+191       6044060    7.580e+197     5.67e-105
 448     2  1.923e+191          54615    1.050e+196     7.86e-107
 449     1  2.947e+191             330    9.724e+193     7.28e-109
 450     0  4.512e+191               1    4.512e+191     3.38e-111


