   0  1000            1    1.913e+656     1.913e+656
7.30e-163
   1   999          750    8.698e+655     6.523e+658
2.49e-160
   2   998      281625    3.953e+655     1.113e+661
4.25e-158
   3   997   70594000    1.796e+655     1.268e+663     4.84e-
156
   4   996  1.329e+10      8.153e+654     1.083e+665
4.13e-154
   5   995  2.004e+12      3.699e+654     7.414e+666
2.83e-152
   6   994  2.522e+14      1.678e+654     4.231e+668
1.61e-150
   7   993  2.723e+16      7.605e+653     2.071e+670
7.90e-149
   8   992  2.577e+18      3.445e+653     8.878e+671
3.39e-147
   9   991  2.170e+20      1.560e+653     3.385e+673
1.29e-145
  10   990  1.647e+22      7.058e+652     1.163e+675
4.44e-144
  11   989  1.138e+24      3.192e+652     3.633e+676
1.39e-142
  12   988  7.218e+25      1.443e+652     1.041e+678
3.97e-141
  13   987  4.231e+27      6.518e+651     2.758e+679
1.05e-139
  14   986  2.306e+29      2.943e+651     6.786e+680
2.59e-138
  15   985  1.174e+31      1.328e+651     1.560e+682
5.95e-137
  16   984  5.615e+32      5.990e+650     3.363e+683
1.28e-135
  17   983  2.530e+34      2.700e+650     6.831e+684
2.61e-134
  18   982  1.078e+36      1.216e+650     1.311e+686
5.00e-133
  19   981  4.358e+37      5.476e+649     2.387e+687
9.11e-132
  20   980  1.676e+39      2.464e+649     4.129e+688
1.58e-130
  21   979  6.144e+40      1.108e+649     6.810e+689
2.60e-129
  22   978  2.153e+42      4.982e+648     1.073e+691
4.09e-128
  23   977  7.227e+43      2.238e+648     1.618e+692
6.17e-127
  24   976  2.328e+45      1.005e+648     2.339e+693
8.93e-126
  25   975  7.207e+46      4.509e+647     3.250e+694
1.24e-124
  26   974  2.148e+48      2.022e+647     4.344e+695
1.66e-123
  27   973  6.174e+49      9.065e+646     5.597e+696
2.14e-122
  28   972  1.713e+51      4.061e+646     6.957e+697
2.65e-121
  29   971  4.596e+52      1.818e+646     8.357e+698
3.19e-120
  30   970  1.194e+54      8.135e+645     9.710e+699
3.70e-119
  31   969  3.003e+55      3.638e+645     1.093e+701
4.17e-118
  32   968  7.329e+56      1.626e+645     1.192e+702
4.55e-117
  33   967  1.737e+58      7.264e+644     1.262e+703
4.81e-116
  34   966  4.000e+59      3.243e+644     1.297e+704
4.95e-115
  35   965  8.960e+60      1.447e+644     1.296e+705
4.95e-114
  36   964  1.954e+62      6.453e+643     1.261e+706
4.81e-113
  37   963  4.150e+63      2.876e+643     1.194e+707
4.55e-112
  38   962  8.595e+64      1.281e+643     1.101e+708
4.20e-111
  39   961  1.737e+66      5.702e+642     9.903e+708
3.78e-110
  40   960  3.426e+67      2.537e+642     8.691e+709
3.32e-109
  41   959  6.601e+68      1.128e+642     7.446e+710
2.84e-108
  42   958  1.243e+70      5.013e+641     6.232e+711
2.38e-107
  43   957  2.290e+71      2.226e+641     5.098e+712
1.95e-106
  44   956  4.127e+72      9.883e+640     4.078e+713
1.56e-105
  45   955  7.281e+73      4.384e+640     3.192e+714
1.22e-104
  46   954  1.258e+75      1.944e+640     2.446e+715
9.33e-104
  47   953  2.131e+76      8.613e+639     1.836e+716
7.00e-103
  48   952  3.539e+77      3.814e+639     1.350e+717
5.15e-102
  49   951  5.763e+78      1.688e+639     9.728e+717
3.71e-101
  50   950  9.209e+79      7.467e+638     6.876e+718
2.62e-100
  51   949  1.445e+81      3.301e+638     4.768e+719
1.82e-99
  52   948  2.225e+82      1.458e+638     3.245e+720
1.24e-98
  53   947  3.367e+83      6.439e+637     2.168e+721
8.27e-98
  54   946  5.007e+84      2.842e+637     1.423e+722
5.43e-97
  55   945  7.320e+85      1.253e+637     9.173e+722
3.50e-96
  56   944  1.052e+87      5.524e+636     5.812e+723
2.22e-95
  57   943  1.488e+88      2.433e+636     3.620e+724
1.38e-94
  58   942  2.070e+89      1.071e+636     2.218e+725
8.46e-94
  59   941  2.835e+90      4.713e+635     1.336e+726
5.10e-93
  60   940  3.823e+91      2.072e+635     7.922e+726
3.02e-92
  61   939  5.076e+92      9.107e+634     4.623e+727
1.76e-91
  62   938  6.640e+93      4.000e+634     2.656e+728
1.01e-90
  63   937  8.558e+94      1.756e+634     1.502e+729
5.73e-90
  64   936  1.087e+96      7.702e+633     8.373e+729
3.19e-89
  65   935  1.361e+97      3.376e+633     4.597e+730
1.75e-88
  66   934  1.681e+98      1.479e+633     2.487e+731
9.49e-88
  67   933  2.047e+99      6.478e+632     1.326e+732
5.06e-87
  68   932  2.460e+100     2.835e+632     6.974e+732
2.66e-86
  69   931  2.916e+101     1.240e+632     3.616e+733
1.38e-85
  70   930  3.412e+102     5.419e+631     1.849e+734
7.06e-85
  71   929  3.941e+103     2.367e+631     9.328e+734
3.56e-84
  72   928  4.493e+104     1.033e+631     4.644e+735
1.77e-83
  73   927  5.060e+105     4.509e+630     2.281e+736
8.70e-83
  74   926  5.627e+106     1.966e+630     1.106e+737
4.22e-82
  75   925  6.182e+107     8.567e+629     5.297e+737
2.02e-81
  76   924  6.711e+108     3.731e+629     2.504e+738
9.55e-81
  77   923  7.199e+109     1.624e+629     1.169e+739
4.46e-80
  78   922  7.633e+110     7.063e+628     5.391e+739
2.06e-79
  79   921  8.000e+111     3.070e+628     2.456e+740
9.37e-79
  80   920  8.290e+112     1.334e+628     1.106e+741
4.22e-78
  81   919  8.495e+113     5.791e+627     4.920e+741
1.88e-77
  82   918  8.609e+114     2.513e+627     2.163e+742
8.25e-77
  83   917  8.630e+115     1.090e+627     9.403e+742
3.59e-76
  84   916  8.558e+116     4.722e+626     4.041e+743
1.54e-75
  85   915  8.397e+117     2.045e+626     1.717e+744
6.55e-75
  86   914  8.153e+118     8.852e+625     7.217e+744
2.75e-74
  87   913  7.834e+119     3.829e+625     3.000e+745
1.14e-73
  88   912  7.451e+120     1.655e+625     1.233e+746
4.71e-73
  89   911  7.016e+121     7.151e+624     5.017e+746
1.91e-72
  90   910  6.540e+122     3.087e+624     2.019e+747
7.71e-72
  91   909  6.037e+123     1.332e+624     8.043e+747
3.07e-71
  92   908  5.519e+124     5.745e+623     3.170e+748
1.21e-70
  93   907  4.997e+125     2.476e+623     1.237e+749
4.72e-70
  94   906  4.481e+126     1.066e+623     4.778e+749
1.82e-69
  95   905  3.981e+127     4.589e+622     1.827e+750
6.97e-69
  96   904  3.504e+128     1.974e+622     6.917e+750
2.64e-68
  97   903  3.056e+129     8.485e+621     2.593e+751
9.89e-68
  98   902  2.641e+130     3.645e+621     9.628e+751
3.67e-67
  99   901  2.263e+131     1.565e+621     3.541e+752
1.35e-66
 100   900  1.921e+132     6.714e+620     1.290e+753
4.92e-66
 101   899  1.617e+133     2.879e+620     4.654e+753
1.78e-65
 102   898  1.349e+134     1.234e+620     1.664e+754
6.35e-65
 103   897  1.116e+135     5.283e+619     5.894e+754
2.25e-64
 104   896  9.151e+135     2.261e+619     2.069e+755
7.89e-64
 105   895  7.442e+136     9.669e+618     7.196e+755
2.75e-63
 106   894  6.003e+137     4.133e+618     2.481e+756
9.47e-63
 107   893  4.802e+138     1.765e+618     8.477e+756
3.23e-62
 108   892  3.811e+139     7.535e+617     2.871e+757
1.10e-61
 109   891  3.000e+140     3.214e+617     9.642e+757
3.68e-61
 110   890  2.343e+141     1.370e+617     3.210e+758
1.22e-60
 111   889  1.815e+142     5.838e+616     1.060e+759
4.04e-60
 112   888  1.395e+143     2.486e+616     3.468e+759
1.32e-59
 113   887  1.064e+144     1.058e+616     1.126e+760
4.30e-59
 114   886  8.057e+144     4.497e+615     3.623e+760
1.38e-58
 115   885  6.053e+145     1.911e+615     1.157e+761
4.41e-58
 116   884  4.514e+146     8.115e+614     3.663e+761
1.40e-57
 117   883  3.341e+147     3.444e+614     1.151e+762
4.39e-57
 118   882  2.455e+148     1.461e+614     3.586e+762
1.37e-56
 119   881  1.791e+149     6.191e+613     1.109e+763
4.23e-56
 120   880  1.297e+150     2.622e+613     3.400e+763
1.30e-55
 121   879  9.323e+150     1.110e+613     1.035e+764
3.95e-55
 122   878  6.656e+151     4.695e+612     3.125e+764
1.19e-54
 123   877  4.719e+152     1.985e+612     9.366e+764
3.57e-54
 124   876  3.322e+153     8.384e+611     2.785e+765
1.06e-53
 125   875  2.323e+154     3.540e+611     8.222e+765
3.14e-53
 126   874  1.613e+155     1.493e+611     2.409e+766
9.19e-53
 127   873  1.113e+156     6.296e+610     7.005e+766
2.67e-52
 128   872  7.624e+156     2.653e+610     2.022e+767
7.72e-52
 129   871  5.189e+157     1.117e+610     5.795e+767
2.21e-51
 130   870  3.508e+158     4.700e+609     1.649e+768
6.29e-51
 131   869  2.357e+159     1.976e+609     4.657e+768
1.78e-50
 132   868  1.573e+160     8.304e+608     1.306e+769
4.98e-50
 133   867  1.043e+161     3.487e+608     3.638e+769
1.39e-49
 134   866  6.874e+161     1.463e+608     1.006e+770
3.84e-49
 135   865  4.501e+162     6.137e+607     2.762e+770
1.05e-48
 136   864  2.929e+163     2.572e+607     7.533e+770
2.87e-48
 137   863  1.894e+164     1.077e+607     2.040e+771
7.79e-48
 138   862  1.218e+165     4.508e+606     5.489e+771
2.09e-47
 139   861  7.778e+165     1.886e+606     1.467e+772
5.60e-47
 140   860  4.939e+166     7.881e+605     3.892e+772
1.49e-46
 141   859  3.118e+167     3.292e+605     1.026e+773
3.92e-46
 142   858  1.956e+168     1.374e+605     2.688e+773
1.03e-45
 143   857  1.220e+169     5.731e+604     6.993e+773
2.67e-45
 144   856  7.567e+169     2.389e+604     1.808e+774
6.90e-45
 145   855  4.665e+170     9.950e+603     4.642e+774
1.77e-44
 146   854  2.860e+171     4.142e+603     1.185e+775
4.52e-44
 147   853  1.743e+172     1.723e+603     3.004e+775
1.15e-43
 148   852  1.057e+173     7.162e+602     7.567e+775
2.89e-43
 149   851  6.368e+173     2.975e+602     1.895e+776
7.23e-43
 150   850  3.816e+174     1.235e+602     4.713e+776
1.80e-42
 151   849  2.275e+175     5.124e+601     1.165e+777
4.45e-42
 152   848  1.348e+176     2.124e+601     2.864e+777
1.09e-41
 153   847  7.949e+176     8.799e+600     6.994e+777
2.67e-41
 154   846  4.661e+177     3.643e+600     1.698e+778
6.48e-41
 155   845  2.718e+178     1.507e+600     4.096e+778
1.56e-40
 156   844  1.577e+179     6.230e+599     9.824e+778
3.75e-40
 157   843  9.100e+179     2.574e+599     2.342e+779
8.94e-40
 158   842  5.224e+180     1.062e+599     5.550e+779
2.12e-39
 159   841  2.983e+181     4.383e+598     1.308e+780
4.99e-39
 160   840  1.695e+182     1.807e+598     3.063e+780
1.17e-38
 161   839  9.580e+182     7.444e+597     7.131e+780
2.72e-38
 162   838  5.387e+183     3.064e+597     1.651e+781
6.30e-38
 163   837  3.014e+184     1.261e+597     3.800e+781
1.45e-37
 164   836  1.678e+185     5.183e+596     8.697e+781
3.32e-37
 165   835  9.295e+185     2.129e+596     1.979e+782
7.55e-37
 166   834  5.124e+186     8.740e+595     4.478e+782
1.71e-36
 167   833  2.810e+187     3.586e+595     1.008e+783
3.84e-36
 168   832  1.534e+188     1.470e+595     2.255e+783
8.60e-36
 169   831  8.332e+188     6.021e+594     5.017e+783
1.91e-35
 170   830  4.504e+189     2.465e+594     1.110e+784
4.24e-35
 171   829  2.423e+190     1.008e+594     2.444e+784
9.32e-35
 172   828  1.298e+191     4.122e+593     5.349e+784
2.04e-34
 173   827  6.916e+191     1.684e+593     1.164e+785
4.44e-34
 174   826  3.669e+192     6.873e+592     2.521e+785
9.62e-34
 175   825  1.937e+193     2.803e+592     5.430e+785
2.07e-33
 176   824  1.018e+194     1.143e+592     1.163e+786
4.44e-33
 177   823  5.326e+194     4.654e+591     2.479e+786
9.46e-33
 178   822  2.774e+195     1.894e+591     5.255e+786
2.00e-32
 179   821  1.438e+196     7.705e+590     1.108e+787
4.23e-32
 180   820  7.422e+196     3.132e+590     2.324e+787
8.87e-32
 181   819  3.813e+197     1.272e+590     4.850e+787
1.85e-31
 182   818  1.951e+198     5.162e+589     1.007e+788
3.84e-31
 183   817  9.934e+198     2.093e+589     2.080e+788
7.94e-31
 184   816  5.037e+199     8.484e+588     4.274e+788
1.63e-30
 185   815  2.543e+200     3.436e+588     8.738e+788
3.33e-30
 186   814  1.278e+201     1.390e+588     1.777e+789
6.78e-30
 187   813  6.399e+201     5.622e+587     3.598e+789
1.37e-29
 188   812  3.189e+202     2.272e+587     7.245e+789
2.76e-29
 189   811  1.583e+203     9.173e+586     1.452e+790
5.54e-29
 190   810  7.823e+203     3.701e+586     2.895e+790
1.10e-28
 191   809  3.850e+204     1.492e+586     5.745e+790
2.19e-28
 192   808  1.887e+205     6.012e+585     1.134e+791
4.33e-28
 193   807  9.209e+205     2.420e+585     2.229e+791
8.50e-28
 194   806  4.476e+206     9.737e+584     4.359e+791
1.66e-27
 195   805  2.167e+207     3.914e+584     8.482e+791
3.24e-27
 196   804  1.045e+208     1.572e+584     1.643e+792
6.27e-27
 197   803  5.017e+208     6.311e+583     3.167e+792
1.21e-26
 198   802  2.400e+209     2.531e+583     6.075e+792
2.32e-26
 199   801  1.143e+210     1.015e+583     1.160e+793
4.43e-26
 200   800  5.424e+210     4.063e+582     2.204e+793
8.41e-26
 201   799  2.564e+211     1.626e+582     4.169e+793
1.59e-25
 202   798  1.207e+212     6.503e+581     7.849e+793
3.00e-25
 203   797  5.660e+212     2.599e+581     1.471e+794
5.61e-25
 204   796  2.644e+213     1.038e+581     2.744e+794
1.05e-24
 205   795  1.231e+214     4.140e+580     5.095e+794
1.94e-24
 206   794  5.705e+214     1.651e+580     9.417e+794
3.59e-24
 207   793  2.635e+215     6.576e+579     1.733e+795
6.61e-24
 208   792  1.212e+216     2.618e+579     3.173e+795
1.21e-23
 209   791  5.556e+216     1.041e+579     5.786e+795
2.21e-23
 210   790  2.537e+217     4.139e+578     1.050e+796
4.01e-23
 211   789  1.154e+218     1.644e+578     1.898e+796
7.24e-23
 212   788  5.233e+218     6.525e+577     3.415e+796
1.30e-22
 213   787  2.364e+219     2.588e+577     6.116e+796
2.33e-22
 214   786  1.064e+220     1.025e+577     1.091e+797
4.16e-22
 215   785  4.769e+220     4.060e+576     1.936e+797
7.39e-22
 216   784  2.131e+221     1.607e+576     3.423e+797
1.31e-21
 217   783  9.484e+221     6.352e+575     6.024e+797
2.30e-21
 218   782  4.207e+222     2.509e+575     1.056e+798
4.03e-21
 219   781  1.860e+223     9.905e+574     1.842e+798
7.03e-21
 220   780  8.191e+223     3.907e+574     3.200e+798
1.22e-20
 221   779  3.595e+224     1.540e+574     5.536e+798
2.11e-20
 222   778  1.572e+225     6.065e+573     9.536e+798
3.64e-20
 223   777  6.854e+225     2.387e+573     1.636e+799
6.24e-20
 224   776  2.977e+226     9.385e+572     2.794e+799
1.07e-19
 225   775  1.289e+227     3.687e+572     4.752e+799
1.81e-19
 226   774  5.560e+227     1.448e+572     8.049e+799
3.07e-19
 227   773  2.390e+228     5.679e+571     1.358e+800
5.18e-19
 228   772  1.024e+229     2.226e+571     2.280e+800
8.70e-19
 229   771  4.375e+229     8.719e+570     3.814e+800
1.46e-18
 230   770  1.862e+230     3.413e+570     6.354e+800
2.42e-18
 231   769  7.900e+230     1.335e+570     1.054e+801
4.02e-18
 232   768  3.340e+231     5.215e+569     1.742e+801
6.65e-18
 233   767  1.408e+232     2.036e+569     2.866e+801
1.09e-17
 234   766  5.914e+232     7.943e+568     4.698e+801
1.79e-17
 235   765  2.476e+233     3.096e+568     7.668e+801
2.93e-17
 236   764  1.034e+234     1.206e+568     1.247e+802
4.76e-17
 237   763  4.300e+234     4.694e+567     2.018e+802
7.70e-17
 238   762  1.783e+235     1.825e+567     3.255e+802
1.24e-16
 239   761  7.372e+235     7.093e+566     5.229e+802
2.00e-16
 240   760  3.038e+236     2.754e+566     8.366e+802
3.19e-16
 241   759  1.248e+237     1.068e+566     1.333e+803
5.09e-16
 242   758  5.110e+237     4.142e+565     2.116e+803
8.08e-16
 243   757  2.086e+238     1.604e+565     3.347e+803
1.28e-15
 244   756  8.490e+238     6.209e+564     5.271e+803
2.01e-15
 245   755  3.444e+239     2.401e+564     8.270e+803
3.16e-15
 246   754  1.393e+240     9.277e+563     1.292e+804
4.93e-15
 247   753  5.618e+240     3.581e+563     2.012e+804
7.68e-15
 248   752  2.258e+241     1.382e+563     3.120e+804
1.19e-14
 249   751  9.052e+241     5.325e+562     4.820e+804
1.84e-14
 250   750  3.617e+242     2.051e+562     7.418e+804
2.83e-14
 251   749  1.441e+243     7.892e+561     1.137e+805
4.34e-14
 252   748  5.724e+243     3.034e+561     1.737e+805
6.63e-14
 253   747  2.267e+244     1.166e+561     2.643e+805
1.01e-13
 254   746  8.952e+244     4.475e+560     4.006e+805
1.53e-13
 255   745  3.525e+245     1.716e+560     6.050e+805
2.31e-13
 256   744  1.384e+246     6.578e+559     9.102e+805
3.47e-13
 257   743  5.417e+246     2.519e+559     1.364e+806
5.21e-13
 258   742  2.114e+247     9.636e+558     2.037e+806
7.77e-13
 259   741  8.228e+247     3.684e+558     3.031e+806
1.16e-12
 260   740  3.193e+248     1.407e+558     4.493e+806
1.71e-12
 261   739  1.236e+249     5.370e+557     6.635e+806
2.53e-12
 262   738  4.768e+249     2.048e+557     9.763e+806
3.73e-12
 263   737  1.835e+250     7.802e+556     1.431e+807
5.46e-12
 264   736  7.040e+250     2.970e+556     2.091e+807
7.98e-12
 265   735  2.694e+251     1.130e+556     3.043e+807
1.16e-11
 266   734  1.028e+252     4.293e+555     4.413e+807
1.68e-11
 267   733  3.911e+252     1.630e+555     6.376e+807
2.43e-11
 268   732  1.484e+253     6.185e+554     9.180e+807
3.50e-11
 269   731  5.617e+253     2.345e+554     1.317e+808
5.03e-11
 270   730  2.120e+254     8.880e+553     1.883e+808
7.18e-11
 271   729  7.979e+254     3.361e+553     2.681e+808
1.02e-10
 272   728  2.995e+255     1.271e+553     3.806e+808
1.45e-10
 273   727  1.121e+256     4.800e+552     5.382e+808
2.05e-10
 274   726  4.186e+256     1.812e+552     7.586e+808
2.89e-10
 275   725  1.559e+257     6.834e+551     1.065e+809
4.06e-10
 276   724  5.789e+257     2.575e+551     1.491e+809
5.69e-10
 277   723  2.144e+258     9.695e+550     2.079e+809
7.93e-10
 278   722  7.921e+258     3.647e+550     2.889e+809
1.10e-9
 279   721  2.919e+259     1.371e+550     4.001e+809
1.53e-9
 280   720  1.073e+260     5.147e+549     5.521e+809
2.11e-9
 281   719  3.932e+260     1.931e+549     7.593e+809
2.90e-9
 282   718  1.437e+261     7.240e+548     1.041e+810
3.97e-9
 283   717  5.242e+261     2.712e+548     1.421e+810
5.42e-9
 284   716  1.907e+262     1.015e+548     1.935e+810
7.38e-9
 285   715  6.917e+262     3.794e+547     2.624e+810
1.00e-8
 286   714  2.503e+263     1.417e+547     3.548e+810
1.35e-8
 287   713  9.036e+263     5.290e+546     4.780e+810
1.82e-8
 288   712  3.254e+264     1.973e+546     6.418e+810
2.45e-8
 289   711  1.169e+265     7.350e+545     8.589e+810
3.28e-8
 290   710  4.187e+265     2.736e+545     1.145e+811
4.37e-8
 291   709  1.496e+266     1.018e+545     1.523e+811
5.81e-8
 292   708  5.335e+266     3.781e+544     2.017e+811
7.70e-8
 293   707  1.897e+267     1.404e+544     2.663e+811
1.02e-7
 294   706  6.730e+267     5.207e+543     3.505e+811
1.34e-7
 295   705  2.382e+268     1.930e+543     4.596e+811
1.75e-7
 296   704  8.409e+268     7.145e+542     6.009e+811
2.29e-7
 297   703  2.962e+269     2.643e+542     7.829e+811
2.99e-7
 298   702  1.041e+270     9.770e+541     1.017e+812
3.88e-7
 299   701  3.647e+270     3.608e+541     1.316e+812
5.02e-7
 300   700  1.275e+271     1.331e+541     1.698e+812
6.48e-7
 301   699  4.449e+271     4.907e+540     2.183e+812
8.33e-7
 302   698  1.548e+272     1.807e+540     2.798e+812
1.07e-6
 303   697  5.375e+272     6.649e+539     3.574e+812
1.36e-6
 304   696  1.862e+273     2.444e+539     4.551e+812
1.74e-6
 305   695  6.434e+273     8.978e+538     5.776e+812
2.20e-6
 306   694  2.218e+274     3.294e+538     7.308e+812
2.79e-6
 307   693  7.630e+274     1.208e+538     9.215e+812
3.52e-6
 308   692  2.619e+275     4.424e+537     1.158e+813
4.42e-6
 309   691  8.966e+275     1.619e+537     1.451e+813
5.54e-6
 310   690  3.063e+276     5.919e+536     1.813e+813
6.92e-6
 311   689  1.044e+277     2.162e+536     2.257e+813
8.61e-6
 312   688  3.550e+277     7.890e+535     2.801e+813
1.07e-5
 313   687  1.205e+278     2.877e+535     3.465e+813
1.32e-5
 314   686  4.078e+278     1.048e+535     4.273e+813
1.63e-5
 315   685  1.377e+279     3.813e+534     5.252e+813
2.00e-5
 316   684  4.642e+279     1.386e+534     6.436e+813
2.46e-5
 317   683  1.561e+280     5.036e+533     7.862e+813
3.00e-5
 318   682  5.238e+280     1.828e+533     9.573e+813
3.65e-5
 319   681  1.754e+281     6.627e+532     1.162e+814
4.43e-5
 320   680  5.858e+281     2.401e+532     1.406e+814
5.37e-5
 321   679  1.953e+282     8.687e+531     1.696e+814
6.47e-5
 322   678  6.495e+282     3.141e+531     2.040e+814
7.78e-5
 323   677  2.156e+283     1.135e+531     2.446e+814
9.33e-5
 324   676  7.139e+283     4.094e+530     2.923e+814
0.00011
 325   675  2.359e+284     1.476e+530     3.482e+814
0.00013
 326   674  7.779e+284     5.317e+529     4.136e+814
0.00016
 327   673  2.560e+285     1.913e+529     4.897e+814
0.00019
 328   672  8.405e+285     6.878e+528     5.781e+814
0.00022
 329   671  2.754e+286     2.471e+528     6.804e+814
0.00026
 330   670  9.004e+286     8.865e+527     7.982e+814
0.00030
 331   669  2.938e+287     3.178e+527     9.337e+814
0.00036
 332   668  9.566e+287     1.138e+527     1.089e+815
0.00042
 333   667  3.108e+288     4.072e+526     1.266e+815
0.00048
 334   666  1.008e+289     1.456e+526     1.467e+815
0.00056
 335   665  3.261e+289     5.198e+525     1.695e+815
0.00065
 336   664  1.053e+290     1.854e+525     1.953e+815
0.00075
 337   663  3.394e+290     6.609e+524     2.243e+815
0.00086
 338   662  1.091e+291     2.353e+524     2.569e+815
0.00098
 339   661  3.503e+291     8.371e+523     2.932e+815
0.00112
 340   660  1.122e+292     2.975e+523     3.338e+815
0.00127
 341   659  3.586e+292     1.056e+523     3.788e+815
0.00145
 342   658  1.144e+293     3.746e+522     4.286e+815
0.00164
 343   657  3.642e+293     1.327e+522     4.835e+815
0.00184
 344   656  1.157e+294     4.699e+521     5.438e+815
0.00207
 345   655  3.670e+294     1.662e+521     6.098e+815
0.00233
 346   654  1.161e+295     5.871e+520     6.818e+815
0.00260
 347   653  3.668e+295     2.072e+520     7.600e+815
0.00290
 348   652  1.156e+296     7.306e+519     8.448e+815
0.00322
 349   651  3.638e+296     2.573e+519     9.362e+815
0.00357
 350   650  1.142e+297     9.055e+518     1.034e+816
0.00395
 351   649  3.580e+297     3.183e+518     1.140e+816
0.00435
 352   648  1.120e+298     1.118e+518     1.252e+816
0.00478
 353   647  3.496e+298     3.922e+517     1.371e+816
0.00523
 354   646  1.089e+299     1.375e+517     1.497e+816
0.00571
 355   645  3.387e+299     4.813e+516     1.630e+816
0.00622
 356   644  1.051e+300     1.684e+516     1.770e+816
0.00675
 357   643  3.257e+300     5.883e+515     1.916e+816
0.00731
 358   642  1.007e+301     2.054e+515     2.068e+816
0.00789
 359   641  3.108e+301     7.162e+514     2.226e+816
0.00849
 360   640  9.576e+301     2.495e+514     2.389e+816
0.00912
 361   639  2.944e+302     8.683e+513     2.556e+816
0.00975
 362   638  9.036e+302     3.019e+513     2.728e+816
0.01041
 363   637  2.768e+303     1.048e+513     2.902e+816
0.01107
 364   636  8.464e+303     3.637e+512     3.079e+816
0.01175
 365   635  2.583e+304     1.261e+512     3.257e+816
0.01243
 366   634  7.870e+304     4.365e+511     3.435e+816
0.01311
 367   633  2.393e+305     1.510e+511     3.613e+816
0.01379
 368   632  7.264e+305     5.217e+510     3.789e+816
0.01446
 369   631  2.201e+306     1.801e+510     3.963e+816
0.01512
 370   630  6.656e+306     6.209e+509     4.132e+816
0.01577
 371   629  2.009e+307     2.139e+509     4.297e+816
0.01640
 372   628  6.055e+307     7.359e+508     4.456e+816
0.01700
 373   627  1.821e+308     2.529e+508     4.607e+816
0.01758
 374   626  5.469e+308     8.685e+507     4.750e+816
0.01812
 375   625  1.639e+309     2.979e+507     4.884e+816
0.01863
 376   624  4.905e+309     1.021e+507     5.007e+816
0.01910
 377   623  1.465e+310     3.494e+506     5.119e+816
0.01953
 378   622  4.368e+310     1.195e+506     5.218e+816
0.01991
 379   621  1.300e+311     4.081e+505     5.305e+816
0.02024
 380   620  3.862e+311     1.392e+505     5.378e+816
0.02052
 381   619  1.145e+312     4.746e+504     5.437e+816
0.02074
 382   618  3.391e+312     1.616e+504     5.480e+816
0.02091
 383   617  1.002e+313     5.496e+503     5.509e+816
0.02102
 384   616  2.957e+313     1.867e+503     5.523e+816
0.02107
 385   615  8.711e+313     6.338e+502     5.521e+816
0.02107
 386   614  2.561e+314     2.149e+502     5.504e+816
0.02100
 387   613  7.519e+314     7.277e+501     5.472e+816
0.02088
 388   612  2.203e+315     2.462e+501     5.424e+816
0.02070
 389   611  6.446e+315     8.319e+500     5.362e+816
0.02046
 390   610  1.882e+316     2.808e+500     5.287e+816
0.02017
 391   609  5.489e+316     9.470e+499     5.198e+816
0.01983
 392   608  1.598e+317     3.190e+499     5.096e+816
0.01944
 393   607  4.642e+317     1.073e+499     4.982e+816
0.01901
 394   606  1.347e+318     3.607e+498     4.858e+816
0.01854
 395   605  3.900e+318     1.211e+498     4.724e+816
0.01802
 396   604  1.128e+319     4.062e+497     4.581e+816
0.01748
 397   603  3.255e+319     1.361e+497     4.429e+816
0.01690
 398   602  9.382e+319     4.553e+496     4.272e+816
0.01630
 399   601  2.699e+320     1.522e+496     4.108e+816
0.01568
 400   600  7.754e+320     5.081e+495     3.940e+816
0.01503
 401   599  2.224e+321     1.695e+495     3.769e+816
0.01438
 402   598  6.367e+321     5.646e+494     3.595e+816
0.01372
 403   597  1.820e+322     1.879e+494     3.420e+816
0.01305
 404   596  5.194e+322     6.245e+493     3.244e+816
0.01238
 405   595  1.480e+323     2.074e+493     3.069e+816
0.01171
 406   594  4.210e+323     6.878e+492     2.896e+816
0.01105
 407   593  1.196e+324     2.278e+492     2.725e+816
0.01040
 408   592  3.391e+324     7.540e+491     2.557e+816
0.00976
 409   591  9.602e+324     2.492e+491     2.393e+816
0.00913
 410   590  2.714e+325     8.228e+490     2.233e+816
0.00852
 411   589  7.661e+325     2.714e+490     2.079e+816
0.00793
 412   588  2.159e+326     8.939e+489     1.930e+816
0.00736
 413   587  6.074e+326     2.941e+489     1.787e+816
0.00682
 414   586  1.706e+327     9.668e+488     1.650e+816
0.00629
 415   585  4.786e+327     3.174e+488     1.519e+816
0.00580
 416   584  1.340e+328     1.041e+488     1.395e+816
0.00532
 417   583  3.747e+328     3.409e+487     1.277e+816
0.00487
 418   582  1.046e+329     1.115e+487     1.167e+816
0.00445
 419   581  2.917e+329     3.644e+486     1.063e+816
0.00406
 420   580  8.118e+329     1.190e+486     9.656e+815
0.00368
 421   579  2.256e+330     3.878e+485     8.749e+815
0.00334
 422   578  6.260e+330     1.263e+485     7.906e+815
0.00302
 423   577  1.734e+331     4.108e+484     7.125e+815
0.00272
 424   576  4.798e+331     1.335e+484     6.404e+815
0.00244
 425   575  1.325e+332     4.331e+483     5.740e+815
0.00219
 426   574  3.656e+332     1.404e+483     5.132e+815
0.00196
 427   573  1.007e+333     4.545e+482     4.576e+815
0.00175
 428   572  2.769e+333     1.470e+482     4.069e+815
0.00155
 429   571  7.603e+333     4.746e+481     3.609e+815
0.00138
 430   570  2.085e+334     1.531e+481     3.192e+815
0.00122
 431   569  5.708e+334     4.934e+480     2.816e+815
0.00107
 432   568  1.560e+335     1.588e+480     2.478e+815
0.00095
 433   567  4.259e+335     5.104e+479     2.174e+815
0.00083
 434   566  1.161e+336     1.639e+479     1.903e+815
0.00073
 435   565  3.160e+336     5.255e+478     1.661e+815
0.00063
 436   564  8.589e+336     1.683e+478     1.446e+815
0.00055
 437   563  2.331e+337     5.385e+477     1.255e+815
0.00048
 438   562  6.317e+337     1.720e+477     1.087e+815
0.00041
 439   561  1.710e+338     5.491e+476     9.386e+814
0.00036
 440   560  4.620e+338     1.750e+476     8.085e+814
0.00031
 441   559  1.247e+339     5.572e+475     6.946e+814
0.00027
 442   558  3.359e+339     1.772e+475     5.951e+814
0.00023
 443   557  9.038e+339     5.627e+474     5.085e+814
0.00019
 444   556  2.428e+340     1.785e+474     4.334e+814
0.00017
 445   555  6.516e+340     5.654e+473     3.684e+814
0.00014
 446   554  1.746e+341     1.789e+473     3.124e+814
0.00012
 447   553  4.671e+341     5.654e+472     2.641e+814
0.00010
 448   552  1.248e+342     1.785e+472     2.227e+814
8.50e-5
 449   551  3.330e+342     5.626e+471     1.874e+814
7.15e-5
 450   550  8.873e+342     1.771e+471     1.572e+814
6.00e-5
 451   549  2.361e+343     5.571e+470     1.315e+814
5.02e-5
 452   548  6.273e+343     1.750e+470     1.098e+814
4.19e-5
 453   547  1.664e+344     5.488e+469     9.135e+813
3.49e-5
 454   546  4.410e+344     1.719e+469     7.583e+813
2.89e-5
 455   545  1.167e+345     5.380e+468     6.279e+813
2.40e-5
 456   544  3.084e+345     1.681e+468     5.185e+813
1.98e-5
 457   543  8.139e+345     5.247e+467     4.270e+813
1.63e-5
 458   542  2.145e+346     1.636e+467     3.508e+813
1.34e-5
 459   541  5.645e+346     5.092e+466     2.874e+813
1.10e-5
 460   540  1.484e+347     1.583e+466     2.349e+813
8.96e-6
 461   539  3.894e+347     4.916e+465     1.914e+813
7.30e-6
 462   538  1.021e+348     1.525e+465     1.556e+813
5.94e-6
 463   537  2.672e+348     4.722e+464     1.262e+813
4.81e-6
 464   536  6.985e+348     1.461e+464     1.020e+813
3.89e-6
 465   535  1.824e+349     4.513e+463     8.229e+812
3.14e-6
 466   534  4.755e+349     1.392e+463     6.620e+812
2.53e-6
 467   533  1.238e+350     4.290e+462     5.311e+812
2.03e-6
 468   532  3.220e+350     1.320e+462     4.251e+812
1.62e-6
 469   531  8.361e+350     4.058e+461     3.393e+812
1.29e-6
 470   530  2.169e+351     1.245e+461     2.701e+812
1.03e-6
 471   529  5.617e+351     3.818e+460     2.144e+812
8.18e-7
 472   528  1.453e+352     1.169e+460     1.698e+812
6.48e-7
 473   527  3.754e+352     3.573e+459     1.341e+812
5.12e-7
 474   526  9.686e+352     1.091e+459     1.057e+812
4.03e-7
 475   525  2.496e+353     3.327e+458     8.303e+811
3.17e-7
 476   524  6.423e+353     1.013e+458     6.507e+811
2.48e-7
 477   523  1.651e+354     3.081e+457     5.086e+811
1.94e-7
 478   522  4.238e+354     9.357e+456     3.965e+811
1.51e-7
 479   521  1.086e+355     2.838e+456     3.084e+811
1.18e-7
 480   520  2.782e+355     8.597e+455     2.391e+811
9.13e-8
 481   519  7.113e+355     2.601e+455     1.850e+811
7.06e-8
 482   518  1.817e+356     7.856e+454     1.427e+811
5.45e-8
 483   517  4.634e+356     2.370e+454     1.098e+811
4.19e-8
 484   516  1.181e+357     7.141e+453     8.430e+810
3.22e-8
 485   515  3.004e+357     2.149e+453     6.453e+810
2.46e-8
 486   514  7.633e+357     6.456e+452     4.927e+810
1.88e-8
 487   513  1.937e+358     1.937e+452     3.752e+810
1.43e-8
 488   512  4.910e+358     5.804e+451     2.850e+810
1.09e-8
 489   511  1.243e+359     1.737e+451     2.159e+810
8.24e-9
 490   510  3.143e+359     5.190e+450     1.632e+810
6.23e-9
 491   509  7.939e+359     1.549e+450     1.230e+810
4.69e-9
 492   508  2.002e+360     4.616e+449     9.243e+809
3.53e-9
 493   507  5.045e+360     1.374e+449     6.930e+809
2.64e-9
 494   506  1.269e+361     4.082e+448     5.182e+809
1.98e-9
 495   505  3.190e+361     1.212e+448     3.865e+809
1.47e-9
 496   504  8.007e+361     3.591e+447     2.875e+809
1.10e-9
 497   503  2.007e+362     1.063e+447     2.133e+809
8.14e-10
 498   502  5.027e+362     3.140e+446     1.579e+809
6.02e-10
 499   501  1.257e+363     9.268e+445     1.165e+809
4.45e-10
 500   500  3.140e+363     2.731e+445     8.577e+808
3.27e-10
 501   499  7.835e+363     8.038e+444     6.298e+808
2.40e-10
 502   498  1.953e+364     2.362e+444     4.612e+808
1.76e-10
 503   497  4.860e+364     6.932e+443     3.369e+808
1.29e-10
 504   496  1.208e+365     2.031e+443     2.454e+808
9.37e-11
 505   495  3.000e+365     5.944e+442     1.783e+808
6.81e-11
 506   494  7.441e+365     1.737e+442     1.293e+808
4.93e-11
 507   493  1.843e+366     5.068e+441     9.343e+807
3.57e-11
 508   492  4.562e+366     1.477e+441     6.736e+807
2.57e-11
 509   491  1.127e+367     4.297e+440     4.844e+807
1.85e-11
 510   490  2.783e+367     1.248e+440     3.474e+807
1.33e-11
 511   489  6.862e+367     3.622e+439     2.485e+807
9.48e-12
 512   488  1.690e+368     1.049e+439     1.773e+807
6.77e-12
 513   487  4.158e+368     3.035e+438     1.262e+807
4.81e-12
 514   486  1.022e+369     8.766e+437     8.956e+806
3.42e-12
 515   485  2.508e+369     2.528e+437     6.340e+806
2.42e-12
 516   484  6.147e+369     7.282e+436     4.476e+806
1.71e-12
 517   483  1.505e+370     2.094e+436     3.152e+806
1.20e-12
 518   482  3.682e+370     6.014e+435     2.214e+806
8.45e-13
 519   481  8.996e+370     1.724e+435     1.551e+806
5.92e-13
 520   480  2.195e+371     4.937e+434     1.084e+806
4.14e-13
 521   479  5.351e+371     1.411e+434     7.552e+805
2.88e-13
 522   478  1.303e+372     4.029e+433     5.249e+805
2.00e-13
 523   477  3.169e+372     1.148e+433     3.639e+805
1.39e-13
 524   476  7.699e+372     3.268e+432     2.516e+805
9.60e-14
 525   475  1.868e+373     9.288e+431     1.735e+805
6.62e-14
 526   474  4.528e+373     2.635e+431     1.193e+805
4.55e-14
 527   473  1.096e+374     7.467e+430     8.187e+804
3.12e-14
 528   472  2.652e+374     2.112e+430     5.601e+804
2.14e-14
 529   471  6.406e+374     5.967e+429     3.822e+804
1.46e-14
 530   470  1.546e+375     1.683e+429     2.602e+804
9.93e-15
 531   469  3.727e+375     4.739e+428     1.766e+804
6.74e-15
 532   468  8.974e+375     1.332e+428     1.196e+804
4.56e-15
 533   467  2.158e+376     3.741e+427     8.074e+803
3.08e-15
 534   466  5.186e+376     1.049e+427     5.438e+803
2.07e-15
 535   465  1.245e+377     2.935e+426     3.653e+803
1.39e-15
 536   464  2.984e+377     8.201e+425     2.447e+803
9.34e-16
 537   463  7.145e+377     2.288e+425     1.635e+803
6.24e-16
 538   462  1.709e+378     6.374e+424     1.090e+803
4.16e-16
 539   461  4.085e+378     1.773e+424     7.242e+802
2.76e-16
 540   460  9.750e+378     4.924e+423     4.801e+802
1.83e-16
 541   459  2.325e+379     1.365e+423     3.174e+802
1.21e-16
 542   458  5.538e+379     3.780e+422     2.093e+802
7.99e-17
 543   457  1.318e+380     1.045e+422     1.377e+802
5.25e-17
 544   456  3.132e+380     2.883e+421     9.029e+801
3.45e-17
 545   455  7.436e+380     7.944e+420     5.907e+801
2.25e-17
 546   454  1.764e+381     2.185e+420     3.854e+801
1.47e-17
 547   453  4.179e+381     6.002e+419     2.508e+801
9.57e-18
 548   452  9.890e+381     1.646e+419     1.628e+801
6.21e-18
 549   451  2.338e+382     4.506e+418     1.054e+801
4.02e-18
 550   450  5.522e+382     1.232e+418     6.801e+800
2.60e-18
 551   449  1.303e+383     3.361e+417     4.379e+800
1.67e-18
 552   448  3.071e+383     9.156e+416     2.812e+800
1.07e-18
 553   447  7.230e+383     2.491e+416     1.801e+800
6.87e-19
 554   446  1.701e+384     6.764e+415     1.150e+800
4.39e-19
 555   445  3.995e+384     1.834e+415     7.327e+799
2.80e-19
 556   444  9.378e+384     4.964e+414     4.655e+799
1.78e-19
 557   443  2.199e+385     1.341e+414     2.950e+799
1.13e-19
 558   442  5.150e+385     3.619e+413     1.864e+799
7.11e-20
 559   441  1.205e+386     9.748e+412     1.175e+799
4.48e-20
 560   440  2.817e+386     2.621e+412     7.384e+798
2.82e-20
 561   439  6.578e+386     7.037e+411     4.629e+798
1.77e-20
 562   438  1.534e+387     1.886e+411     2.894e+798
1.10e-20
 563   437  3.576e+387     5.046e+410     1.804e+798
6.88e-21
 564   436  8.325e+387     1.348e+410     1.122e+798
4.28e-21
 565   435  1.936e+388     3.594e+409     6.959e+797
2.66e-21
 566   434  4.498e+388     9.569e+408     4.304e+797
1.64e-21
 567   433  1.044e+389     2.543e+408     2.655e+797
1.01e-21
 568   432  2.421e+389     6.747e+407     1.633e+797
6.23e-22
 569   431  5.607e+389     1.787e+407     1.002e+797
3.82e-22
 570   430  1.297e+390     4.725e+406     6.131e+796
2.34e-22
 571   429  2.999e+390     1.247e+406     3.741e+796
1.43e-22
 572   428  6.927e+390     3.287e+405     2.277e+796
8.69e-23
 573   427  1.598e+391     8.647e+404     1.382e+796
5.27e-23
 574   426  3.684e+391     2.271e+404     8.364e+795
3.19e-23
 575   425  8.482e+391     5.953e+403     5.049e+795
1.93e-23
 576   424  1.951e+392     1.558e+403     3.040e+795
1.16e-23
 577   423  4.484e+392     4.070e+402     1.825e+795
6.96e-24
 578   422  1.029e+393     1.061e+402     1.093e+795
4.17e-24
 579   421  2.361e+393     2.763e+401     6.524e+794
2.49e-24
 580   420  5.410e+393     7.180e+400     3.885e+794
1.48e-24
 581   419  1.238e+394     1.863e+400     2.307e+794
8.80e-25
 582   418  2.832e+394     4.824e+399     1.366e+794
5.21e-25
 583   417  6.471e+394     1.247e+399     8.069e+793
3.08e-25
 584   416  1.477e+395     3.218e+398     4.753e+793
1.81e-25
 585   415  3.368e+395     8.288e+397     2.792e+793
1.07e-25
 586   414  7.673e+395     2.131e+397     1.635e+793
6.24e-26
 587   413  1.746e+396     5.470e+396     9.553e+792
3.65e-26
 588   412  3.971e+396     1.401e+396     5.565e+792
2.12e-26
 589   411  9.021e+396     3.584e+395     3.233e+792
1.23e-26
 590   410  2.047e+397     9.149e+394     1.873e+792
7.15e-27
 591   409  4.642e+397     2.331e+394     1.082e+792
4.13e-27
 592   408  1.051e+398     5.930e+393     6.235e+791
2.38e-27
 593   407  2.380e+398     1.506e+393     3.583e+791
1.37e-27
 594   406  5.380e+398     3.815e+392     2.053e+791
7.83e-28
 595   405  1.215e+399     9.651e+391     1.173e+791
4.48e-28
 596   404  2.742e+399     2.437e+391     6.683e+790
2.55e-28
 597   403  6.183e+399     6.142e+390     3.798e+790
1.45e-28
 598   402  1.393e+400     1.545e+390     2.152e+790
8.21e-29
 599   401  3.134e+400     3.879e+389     1.216e+790
4.64e-29
 600   400  7.047e+400     9.723e+388     6.852e+789
2.61e-29
 601   399  1.583e+401     2.432e+388     3.850e+789
1.47e-29
 602   398  3.552e+401     6.073e+387     2.157e+789
8.23e-30
 603   397  7.965e+401     1.513e+387     1.205e+789
4.60e-30
 604   396  1.784e+402     3.765e+386     6.717e+788
2.56e-30
 605   395  3.993e+402     9.347e+385     3.732e+788
1.42e-30
 606   394  8.928e+402     2.316e+385     2.068e+788
7.89e-31
 607   393  1.995e+403     5.729e+384     1.143e+788
4.36e-31
 608   392  4.452e+403     1.414e+384     6.296e+787
2.40e-31
 609   391  9.927e+403     3.484e+383     3.459e+787
1.32e-31
 610   390  2.212e+404     8.569e+382     1.895e+787
7.23e-32
 611   389  4.923e+404     2.103e+382     1.035e+787
3.95e-32
 612   388  1.095e+405     5.152e+381     5.640e+786
2.15e-32
 613   387  2.432e+405     1.260e+381     3.063e+786
1.17e-32
 614   386  5.399e+405     3.073e+380     1.659e+786
6.33e-33
 615   385  1.198e+406     7.485e+379     8.963e+785
3.42e-33
 616   384  2.654e+406     1.819e+379     4.827e+785
1.84e-33
 617   383  5.875e+406     4.413e+378     2.593e+785
9.89e-34
 618   382  1.300e+407     1.068e+378     1.388e+785
5.30e-34
 619   381  2.872e+407     2.581e+377     7.413e+784
2.83e-34
 620   380  6.341e+407     6.225e+376     3.947e+784
1.51e-34
 621   379  1.399e+408     1.498e+376     2.096e+784
8.00e-35
 622   378  3.084e+408     3.598e+375     1.109e+784
4.23e-35
 623   377  6.791e+408     8.624e+374     5.856e+783
2.23e-35
 624   376  1.494e+409     2.063e+374     3.083e+783
1.18e-35
 625   375  3.285e+409     4.925e+373     1.618e+783
6.17e-36
 626   374  7.215e+409     1.173e+373     8.466e+782
3.23e-36
 627   373  1.583e+410     2.790e+372     4.417e+782
1.69e-36
 628   372  3.472e+410     6.620e+371     2.298e+782
8.77e-37
 629   371  7.606e+410     1.567e+371     1.192e+782
4.55e-37
 630   370  1.665e+411     3.704e+370     6.167e+781
2.35e-37
 631   369  3.641e+411     8.735e+369     3.180e+781
1.21e-37
 632   368  7.957e+411     2.056e+369     1.635e+781
6.24e-38
 633   367  1.737e+412     4.827e+368     8.386e+780
3.20e-38
 634   366  3.789e+412     1.131e+368     4.287e+780
1.64e-38
 635   365  8.259e+412     2.646e+367     2.185e+780
8.34e-39
 636   364  1.799e+413     6.174e+366     1.110e+780
4.24e-39
 637   363  3.913e+413     1.438e+366     5.627e+779
2.15e-39
 638   362  8.507e+413     3.342e+365     2.843e+779
1.08e-39
 639   361  1.848e+414     7.750e+364     1.432e+779
5.46e-40
 640   360  4.011e+414     1.793e+364     7.192e+778
2.74e-40
 641   359  8.697e+414     4.141e+363     3.601e+778
1.37e-40
 642   358  1.884e+415     9.542e+362     1.798e+778
6.86e-41
 643   357  4.079e+415     2.194e+362     8.950e+777
3.41e-41
 644   356  8.824e+415     5.034e+361     4.442e+777
1.69e-41
 645   355  1.907e+416     1.152e+361     2.198e+777
8.39e-42
 646   354  4.118e+416     2.633e+360     1.084e+777
4.14e-42
 647   353  8.885e+416     6.001e+359     5.332e+776
2.03e-42
 648   352  1.916e+417     1.365e+359     2.615e+776
9.98e-43
 649   351  4.126e+417     3.098e+358     1.278e+776
4.88e-43
 650   350  8.881e+417     7.015e+357     6.230e+775
2.38e-43
 651   349  1.910e+418     1.585e+357     3.027e+775
1.16e-43
 652   348  4.104e+418     3.573e+356     1.467e+775
5.60e-44
 653   347  8.811e+418     8.038e+355     7.083e+774
2.70e-44
 654   346  1.890e+419     1.804e+355     3.410e+774
1.30e-44
 655   345  4.052e+419     4.041e+354     1.637e+774
6.25e-45
 656   344  8.678e+419     9.028e+353     7.835e+773
2.99e-45
 657   343  1.857e+420     2.013e+353     3.738e+773
1.43e-45
 658   342  3.971e+420     4.477e+352     1.778e+773
6.78e-46
 659   341  8.484e+420     9.937e+351     8.431e+772
3.22e-46
 660   340  1.811e+421     2.200e+351     3.985e+772
1.52e-46
 661   339  3.864e+421     4.861e+350     1.878e+772
7.17e-47
 662   338  8.235e+421     1.071e+350     8.823e+771
3.37e-47
 663   337  1.754e+422     2.356e+349     4.132e+771
1.58e-47
 664   336  3.732e+422     5.169e+348     1.929e+771
7.36e-48
 665   335  7.936e+422     1.132e+348     8.980e+770
3.43e-48
 666   334  1.686e+423     2.471e+347     4.166e+770
1.59e-48
 667   333  3.579e+423     5.384e+346     1.927e+770
7.35e-49
 668   332  7.593e+423     1.170e+346     8.886e+769
3.39e-49
 669   331  1.609e+424     2.538e+345     4.084e+769
1.56e-49
 670   330  3.409e+424     5.490e+344     1.871e+769
7.14e-50
 671   329  7.213e+424     1.185e+344     8.547e+768
3.26e-50
 672   328  1.525e+425     2.551e+343     3.891e+768
1.48e-50
 673   327  3.223e+425     5.480e+342     1.766e+768
6.74e-51
 674   326  6.804e+425     1.174e+342     7.990e+767
3.05e-51
 675   325  1.435e+426     2.510e+341     3.603e+767
1.37e-51
 676   324  3.026e+426     5.353e+340     1.620e+767
6.18e-52
 677   323  6.374e+426     1.139e+340     7.259e+766
2.77e-52
 678   322  1.341e+427     2.417e+339     3.242e+766
1.24e-52
 679   321  2.821e+427     5.117e+338     1.444e+766
5.51e-53
 680   320  5.929e+427     1.081e+338     6.406e+765
2.44e-53
 681   319  1.245e+428     2.276e+337     2.834e+765
1.08e-53
 682   318  2.612e+428     4.784e+336     1.250e+765
4.77e-54
 683   317  5.477e+428     1.003e+336     5.492e+764
2.10e-54
 684   316  1.147e+429     2.097e+335     2.406e+764
9.18e-55
 685   315  2.402e+429     4.374e+334     1.051e+764
4.01e-55
 686   314  5.025e+429     9.100e+333     4.572e+763
1.74e-55
 687   313  1.050e+430     1.888e+333     1.983e+763
7.57e-56
 688   312  2.194e+430     3.909e+332     8.576e+762
3.27e-56
 689   311  4.578e+430     8.072e+331     3.696e+762
1.41e-56
 690   310  9.548e+430     1.663e+331     1.587e+762
6.06e-57
 691   309  1.990e+431     3.415e+330     6.796e+761
2.59e-57
 692   308  4.144e+431     6.999e+329     2.900e+761
1.11e-57
 693   307  8.622e+431     1.430e+329     1.233e+761
4.71e-58
 694   306  1.793e+432     2.916e+328     5.227e+760
1.99e-58
 695   305  3.725e+432     5.928e+327     2.208e+760
8.43e-59
 696   304  7.733e+432     1.202e+327     9.297e+759
3.55e-59
 697   303  1.604e+433     2.432e+326     3.901e+759
1.49e-59
 698   302  3.326e+433     4.905e+325     1.631e+759
6.23e-60
 699   301  6.890e+433     9.870e+324     6.800e+758
2.59e-60
 700   300  1.426e+434     1.981e+324     2.825e+758
1.08e-60
 701   299  2.950e+434     3.964e+323     1.169e+758
4.46e-61
 702   298  6.097e+434     7.912e+322     4.824e+757
1.84e-61
 703   297  1.259e+435     1.575e+322     1.983e+757
7.57e-62
 704   296  2.599e+435     3.127e+321     8.127e+756
3.10e-62
 705   295  5.361e+435     6.191e+320     3.319e+756
1.27e-62
 706   294  1.105e+436     1.222e+320     1.350e+756
5.15e-63
 707   293  2.275e+436     2.407e+319     5.477e+755
2.09e-63
 708   292  4.682e+436     4.727e+318     2.213e+755
8.45e-64
 709   291  9.628e+436     9.258e+317     8.914e+754
3.40e-64
 710   290  1.979e+437     1.808e+317     3.577e+754
1.36e-64
 711   289  4.063e+437     3.521e+316     1.431e+754
5.46e-65
 712   288  8.337e+437     6.839e+315     5.702e+753
2.18e-65
 713   287  1.709e+438     1.325e+315     2.264e+753
8.64e-66
 714   286  3.503e+438     2.558e+314     8.961e+752
3.42e-66
 715   285  7.172e+438     4.927e+313     3.534e+752
1.35e-66
 716   284  1.467e+439     9.462e+312     1.389e+752
5.30e-67
 717   283  3.000e+439     1.812e+312     5.437e+751
2.07e-67
 718   282  6.130e+439     3.460e+311     2.121e+751
8.09e-68
 719   281  1.252e+440     6.589e+310     8.247e+750
3.15e-68
 720   280  2.554e+440     1.251e+310     3.195e+750
1.22e-68
 721   279  5.207e+440     2.368e+309     1.233e+750
4.71e-69
 722   278  1.061e+441     4.471e+308     4.742e+749
1.81e-69
 723   277  2.160e+441     8.415e+307     1.817e+749
6.93e-70
 724   276  4.394e+441     1.579e+307     6.939e+748
2.65e-70
 725   275  8.934e+441     2.955e+306     2.640e+748
1.01e-70
 726   274  1.815e+442     5.513e+305     1.001e+748
3.82e-71
 727   273  3.685e+442     1.025e+305     3.779e+747
1.44e-71
 728   272  7.476e+442     1.902e+304     1.422e+747
5.43e-72
 729   271  1.516e+443     3.517e+303     5.331e+746
2.03e-72
 730   270  3.071e+443     6.483e+302     1.991e+746
7.60e-73
 731   269  6.218e+443     1.192e+302     7.409e+745
2.83e-73
 732   268  1.258e+444     2.184e+301     2.747e+745
1.05e-73
 733   267  2.543e+444     3.989e+300     1.015e+745
3.87e-74
 734   266  5.139e+444     7.265e+299     3.733e+744
1.42e-74
 735   265  1.038e+445     1.319e+299     1.369e+744
5.22e-75
 736   264  2.093e+445     2.388e+298     4.999e+743
1.91e-75
 737   263  4.221e+445     4.309e+297     1.819e+743
6.94e-76
 738   262  8.505e+445     7.751e+296     6.592e+742
2.52e-76
 739   261  1.712e+446     1.390e+296     2.380e+742
9.08e-77
 740   260  3.446e+446     2.485e+295     8.562e+741
3.27e-77
 741   259  6.929e+446     4.428e+294     3.068e+741
1.17e-77
 742   258  1.392e+447     7.866e+293     1.095e+741
4.18e-78
 743   257  2.796e+447     1.393e+293     3.894e+740
1.49e-78
 744   256  5.610e+447     2.459e+292     1.379e+740
5.26e-79
 745   255  1.125e+448     4.326e+291     4.867e+739
1.86e-79
 746   254  2.255e+448     7.587e+290     1.711e+739
6.53e-80
 747   253  4.515e+448     1.326e+290     5.988e+738
2.28e-80
 748   252  9.037e+448     2.311e+289     2.088e+738
7.97e-81
 749   251  1.807e+449     4.013e+288     7.253e+737
2.77e-81
 750   250  3.612e+449     6.947e+287     2.510e+737
9.58e-82
 751   249  7.215e+449     1.199e+287     8.648e+736
3.30e-82
 752   248  1.440e+450     2.061e+286     2.968e+736
1.13e-82
 753   247  2.873e+450     3.533e+285     1.015e+736
3.87e-83
 754   246  5.726e+450     6.034e+284     3.455e+735
1.32e-83
 755   245  1.141e+451     1.027e+284     1.172e+735
4.47e-84
 756   244  2.271e+451     1.743e+283     3.958e+734
1.51e-84
 757   243  4.518e+451     2.947e+282     1.331e+734
5.08e-85
 758   242  8.982e+451     4.966e+281     4.461e+733
1.70e-85
 759   241  1.784e+452     8.341e+280     1.488e+733
5.68e-86
 760   240  3.543e+452     1.396e+280     4.946e+732
1.89e-86
 761   239  7.030e+452     2.328e+279     1.637e+732
6.25e-87
 762   238  1.394e+453     3.869e+278     5.394e+731
2.06e-87
 763   237  2.763e+453     6.409e+277     1.770e+731
6.76e-88
 764   236  5.471e+453     1.058e+277     5.787e+730
2.21e-88
 765   235  1.083e+454     1.739e+276     1.883e+730
7.19e-89
 766   234  2.141e+454     2.851e+275     6.104e+729
2.33e-89
 767   233  4.233e+454     4.655e+274     1.970e+729
7.52e-90
 768   232  8.361e+454     7.574e+273     6.332e+728
2.42e-90
 769   231  1.650e+455     1.228e+273     2.027e+728
7.73e-91
 770   230  3.256e+455     1.984e+272     6.458e+727
2.46e-91
 771   229  6.419e+455     3.193e+271     2.049e+727
7.82e-92
 772   228  1.265e+456     5.120e+270     6.474e+726
2.47e-92
 773   227  2.490e+456     8.180e+269     2.037e+726
7.77e-93
 774   226  4.899e+456     1.302e+269     6.380e+725
2.43e-93
 775   225  9.634e+456     2.065e+268     1.990e+725
7.59e-94
 776   224  1.893e+457     3.263e+267     6.178e+724
2.36e-94
 777   223  3.719e+457     5.137e+266     1.910e+724
7.29e-95
 778   222  7.298e+457     8.055e+265     5.879e+723
2.24e-95
 779   221  1.432e+458     1.258e+265     1.802e+723
6.87e-96
 780   220  2.806e+458     1.959e+264     5.496e+722
2.10e-96
 781   219  5.498e+458     3.037e+263     1.669e+722
6.37e-97
 782   218  1.076e+459     4.690e+262     5.048e+721
1.93e-97
 783   217  2.106e+459     7.215e+261     1.519e+721
5.80e-98
 784   216  4.118e+459     1.106e+261     4.553e+720
1.74e-98
 785   215  8.047e+459     1.688e+260     1.358e+720
5.18e-99
 786   214  1.571e+460     2.566e+259     4.033e+719
1.54e-99
 787   213  3.067e+460     3.887e+258     1.192e+719
4.55e-100
 788   212  5.982e+460     5.863e+257     3.508e+718
1.34e-100
 789   211  1.166e+461     8.809e+256     1.027e+718
3.92e-101
 790   210  2.272e+461     1.318e+256     2.995e+717
1.14e-101
 791   209  4.423e+461     1.965e+255     8.690e+716
3.32e-102
 792   208  8.606e+461     2.916e+254     2.510e+716
9.58e-103
 793   207  1.673e+462     4.311e+253     7.215e+715
2.75e-103
 794   206  3.252e+462     6.348e+252     2.064e+715
7.88e-104
 795   205  6.316e+462     9.307e+251     5.878e+714
2.24e-104
 796   204  1.226e+463     1.359e+251     1.666e+714
6.36e-105
 797   203  2.378e+463     1.976e+250     4.698e+713
1.79e-105
 798   202  4.610e+463     2.861e+249     1.319e+713
5.03e-106
 799   201  8.931e+463     4.125e+248     3.684e+712
1.41e-106
 800   200  1.729e+464     5.922e+247     1.024e+712
3.91e-107
 801   199  3.346e+464     8.467e+246     2.833e+711
1.08e-107
 802   198  6.471e+464     1.205e+246     7.799e+710
2.98e-108
 803   197  1.251e+465     1.708e+245     2.136e+710
8.15e-109
 804   196  2.416e+465     2.410e+244     5.823e+709
2.22e-109
 805   195  4.664e+465     3.387e+243     1.580e+709
6.03e-110
 806   194  8.998e+465     4.738e+242     4.263e+708
1.63e-110
 807   193  1.735e+466     6.598e+241     1.145e+708
4.37e-111
 808   192  3.343e+466     9.148e+240     3.058e+707
1.17e-111
 809   191  6.438e+466     1.263e+240     8.129e+706
3.10e-112
 810   190  1.239e+467     1.735e+239     2.150e+706
8.20e-113
 811   189  2.384e+467     2.373e+238     5.657e+705
2.16e-113
 812   188  4.582e+467     3.232e+237     1.481e+705
5.65e-114
 813   187  8.804e+467     4.380e+236     3.856e+704
1.47e-114
 814   186  1.690e+468     5.910e+235     9.991e+703
3.81e-115
 815   185  3.244e+468     7.937e+234     2.575e+703
9.82e-116
 816   184  6.222e+468     1.061e+234     6.601e+702
2.52e-116
 817   183  1.193e+469     1.412e+233     1.683e+702
6.42e-117
 818   182  2.284e+469     1.869e+232     4.270e+701
1.63e-117
 819   181  4.374e+469     2.463e+231     1.077e+701
4.11e-118
 820   180  8.369e+469     3.231e+230     2.704e+700
1.03e-118
 821   179  1.600e+470     4.217e+229     6.749e+699
2.58e-119
 822   178  3.059e+470     5.478e+228     1.676e+699
6.39e-120
 823   177  5.842e+470     7.081e+227     4.137e+698
1.58e-120
 824   176  1.115e+471     9.109e+226     1.016e+698
3.88e-121
 825   175  2.128e+471     1.166e+226     2.481e+697
9.47e-122
 826   174  4.057e+471     1.485e+225     6.025e+696
2.30e-122
 827   173  7.732e+471     1.882e+224     1.455e+696
5.55e-123
 828   172  1.473e+472     2.373e+223     3.494e+695
1.33e-123
 829   171  2.803e+472     2.977e+222     8.345e+694
3.18e-124
 830   170  5.333e+472     3.716e+221     1.982e+694
7.56e-125
 831   169  1.014e+473     4.614e+220     4.678e+693
1.79e-125
 832   168  1.927e+473     5.700e+219     1.098e+693
4.19e-126
 833   167  3.659e+473     7.006e+218     2.563e+692
9.78e-127
 834   166  6.945e+473     8.565e+217     5.948e+691
2.27e-127
 835   165  1.317e+474     1.042e+217     1.372e+691
5.24e-128
 836   164  2.498e+474     1.260e+216     3.147e+690
1.20e-128
 837   163  4.733e+474     1.516e+215     7.176e+689
2.74e-129
 838   162  8.964e+474     1.814e+214     1.626e+689
6.21e-130
 839   161  1.697e+475     2.160e+213     3.664e+688
1.40e-130
 840   160  3.209e+475     2.557e+212     8.205e+687
3.13e-131
 841   159  6.068e+475     3.010e+211     1.826e+687
6.97e-132
 842   158  1.146e+476     3.524e+210     4.041e+686
1.54e-132
 843   157  2.165e+476     4.103e+209     8.884e+685
3.39e-133
 844   156  4.087e+476     4.751e+208     1.942e+685
7.41e-134
 845   155  7.709e+476     5.470e+207     4.217e+684
1.61e-134
 846   154  1.453e+477     6.261e+206     9.100e+683
3.47e-135
 847   153  2.739e+477     7.127e+205     1.952e+683
7.45e-136
 848   152  5.158e+477     8.065e+204     4.160e+682
1.59e-136
 849   151  9.708e+477     9.074e+203     8.809e+681
3.36e-137
 850   150  1.826e+478     1.015e+203     1.853e+681
7.07e-138
 851   149  3.433e+478     1.129e+202     3.875e+680
1.48e-138
 852   148  6.452e+478     1.247e+201     8.048e+679
3.07e-139
 853   147  1.212e+479     1.371e+200     1.661e+679
6.34e-140
 854   146  2.274e+479     1.497e+199     3.405e+678
1.30e-140
 855   145  4.267e+479     1.625e+198     6.933e+677
2.65e-141
 856   144  8.000e+479     1.753e+197     1.402e+677
5.35e-142
 857   143  1.499e+480     1.880e+196     2.818e+676
1.08e-142
 858   142  2.808e+480     2.003e+195     5.624e+675
2.15e-143
 859   141  5.257e+480     2.121e+194     1.115e+675
4.25e-144
 860   140  9.835e+480     2.232e+193     2.195e+674
8.37e-145
 861   139  1.839e+481     2.333e+192     4.291e+673
1.64e-145
 862   138  3.437e+481     2.424e+191     8.331e+672
3.18e-146
 863   137  6.420e+481     2.502e+190     1.606e+672
6.13e-147
 864   136  1.199e+482     2.566e+189     3.075e+671
1.17e-147
 865   135  2.236e+482     2.614e+188     5.845e+670
2.23e-148
 866   134  4.170e+482     2.645e+187     1.103e+670
4.21e-149
 867   133  7.773e+482     2.659e+186     2.067e+669
7.89e-150
 868   132  1.448e+483     2.655e+185     3.845e+668
1.47e-150
 869   131  2.696e+483     2.633e+184     7.099e+667
2.71e-151
 870   130  5.017e+483     2.593e+183     1.301e+667
4.97e-152
 871   129  9.332e+483     2.537e+182     2.367e+666
9.03e-153
 872   128  1.735e+484     2.464e+181     4.275e+665
1.63e-153
 873   127  3.223e+484     2.377e+180     7.661e+664
2.92e-154
 874   126  5.985e+484     2.277e+179     1.363e+664
5.20e-155
 875   125  1.111e+485     2.165e+178     2.405e+663
9.18e-156
 876   124  2.061e+485     2.044e+177     4.212e+662
1.61e-156
 877   123  3.821e+485     1.916e+176     7.319e+661
2.79e-157
 878   122  7.080e+485     1.782e+175     1.262e+661
4.82e-158
 879   121  1.311e+486     1.646e+174     2.158e+660
8.24e-159
 880   120  2.427e+486     1.509e+173     3.663e+659
1.40e-159
 881   119  4.491e+486     1.373e+172     6.165e+658
2.35e-160
 882   118  8.305e+486     1.239e+171     1.029e+658
3.93e-161
 883   117  1.535e+487     1.111e+170     1.705e+657
6.50e-162
 884   116  2.835e+487     9.873e+168     2.800e+656
1.07e-162
 885   115  5.235e+487     8.709e+167     4.560e+655
1.74e-163
 886   114  9.661e+487     7.622e+166     7.364e+654
2.81e-164
 887   113  1.782e+488     6.618e+165     1.179e+654
4.50e-165
 888   112  3.285e+488     5.700e+164     1.872e+653
7.14e-166
 889   111  6.052e+488     4.870e+163     2.947e+652
1.12e-166
 890   110  1.115e+489     4.126e+162     4.599e+651
1.75e-167
 891   109  2.052e+489     3.467e+161     7.113e+650
2.71e-168
 892   108  3.774e+489     2.889e+160     1.091e+650
4.16e-169
 893   107  6.940e+489     2.388e+159     1.657e+649
6.32e-170
 894   106  1.275e+490     1.956e+158     2.495e+648
9.52e-171
 895   105  2.343e+490     1.589e+157     3.722e+647
1.42e-171
 896   104  4.301e+490     1.279e+156     5.503e+646
2.10e-172
 897   103  7.893e+490     1.021e+155     8.060e+645
3.08e-173
 898   102  1.448e+491     8.078e+153     1.169e+645
4.46e-174
 899   101  2.654e+491     6.334e+152     1.681e+644
6.41e-175
 900   100  4.862e+491     4.921e+151     2.392e+643
9.13e-176
 901    99  8.904e+491     3.788e+150     3.373e+642
1.29e-176
 902    98  1.630e+492     2.889e+149     4.709e+641
1.80e-177
 903    97  2.982e+492     2.183e+148     6.509e+640
2.48e-178
 904    96  5.452e+492     1.634e+147     8.908e+639
3.40e-179
 905    95  9.964e+492     1.211e+146     1.207e+639
4.61e-180
 906    94  1.820e+493     8.892e+144     1.619e+638
6.18e-181
 907    93  3.323e+493     6.465e+143     2.148e+637
8.20e-182
 908    92  6.064e+493     4.653e+142     2.822e+636
1.08e-182
 909    91  1.106e+494     3.316e+141     3.668e+635
1.40e-183
 910    90  2.017e+494     2.339e+140     4.717e+634
1.80e-184
 911    89  3.675e+494     1.633e+139     6.002e+633
2.29e-185
 912    88  6.692e+494     1.129e+138     7.553e+632
2.88e-186
 913    87  1.218e+495     7.717e+136     9.401e+631
3.59e-187
 914    86  2.217e+495     5.221e+135     1.157e+631
4.42e-188
 915    85  4.031e+495     3.494e+134     1.408e+630
5.37e-189
 916    84  7.327e+495     2.313e+133     1.695e+629
6.47e-190
 917    83  1.331e+496     1.514e+132     2.016e+628
7.69e-191
 918    82  2.417e+496     9.804e+130     2.370e+627
9.04e-192
 919    81  4.387e+496     6.276e+129     2.754e+626
1.05e-192
 920    80  7.959e+496     3.972e+128     3.161e+625
1.21e-193
 921    79  1.443e+497     2.484e+127     3.585e+624
1.37e-194
 922    78  2.616e+497     1.536e+126     4.017e+623
1.53e-195
 923    77  4.738e+497     9.380e+124     4.444e+622
1.70e-196
 924    76  8.579e+497     5.660e+123     4.856e+621
1.85e-197
 925    75  1.553e+498     3.374e+122     5.238e+620
2.00e-198
 926    74  2.808e+498     1.986e+121     5.578e+619
2.13e-199
 927    73  5.078e+498     1.155e+120     5.862e+618
2.24e-200
 928    72  9.176e+498     6.626e+118     6.080e+617
2.32e-201
 929    71  1.657e+499     3.754e+117     6.221e+616
2.37e-202
 930    70  2.992e+499     2.098e+116     6.279e+615
2.40e-203
 931    69  5.399e+499     1.158e+115     6.250e+614
2.38e-204
 932    68  9.739e+499     6.299e+113     6.134e+613
2.34e-205
 933    67  1.756e+500     3.381e+112     5.935e+612
2.26e-206
 934    66  3.164e+500     1.789e+111     5.660e+611
2.16e-207
 935    65  5.698e+500     9.335e+109     5.319e+610
2.03e-208
 936    64  1.026e+501     4.800e+108     4.924e+609
1.88e-209
 937    63  1.846e+501     2.432e+107     4.489e+608
1.71e-210
 938    62  3.319e+501     1.214e+106     4.031e+607
1.54e-211
 939    61  5.967e+501     5.970e+104     3.563e+606
1.36e-212
 940    60  1.072e+502     2.890e+103     3.099e+605
1.18e-213
 941    59  1.926e+502     1.377e+102     2.652e+604
1.01e-214
 942    58  3.457e+502     6.460e+100     2.233e+603
8.52e-216
 943    57  6.202e+502     2.981e+99      1.849e+602
7.05e-217
 944    56  1.112e+503     1.353e+98      1.505e+601
5.74e-218
 945    55  1.994e+503     6.036e+96      1.204e+600
4.59e-219
 946    54  3.573e+503     2.648e+95      9.459e+598
3.61e-220
 947    53  6.398e+503     1.141e+94      7.300e+597
2.79e-221
 948    52  1.145e+504     4.830e+92      5.532e+596
2.11e-222
 949    51  2.049e+504     2.008e+91      4.114e+595
1.57e-223
 950    50  3.665e+504     8.191e+89      3.002e+594
1.15e-224
 951    49  6.552e+504     3.279e+88      2.148e+593
8.20e-226
 952    48  1.171e+505     1.287e+87      1.507e+592
5.75e-227
 953    47  2.091e+505     4.956e+85      1.036e+591
3.95e-228
 954    46  3.732e+505     1.869e+84      6.977e+589
2.66e-229
 955    45  6.659e+505     6.907e+82      4.599e+588
1.76e-230
 956    44  1.188e+506     2.499e+81      2.967e+587
1.13e-231
 957    43  2.117e+506     8.844e+79      1.872e+586
7.14e-233
 958    42  3.772e+506     3.062e+78      1.155e+585
4.41e-234
 959    41  6.719e+506     1.036e+77      6.963e+583
2.66e-235
 960    40  1.196e+507     3.426e+75      4.098e+582
1.56e-236
 961    39  2.128e+507     1.106e+74      2.354e+581
8.98e-238
 962    38  3.785e+507     3.485e+72      1.319e+580
5.03e-239
 963    37  6.730e+507     1.071e+71      7.204e+578
2.75e-240
 964    36  1.196e+508     3.205e+69      3.832e+577
1.46e-241
 965    35  2.124e+508     9.341e+67      1.984e+576
7.57e-243
 966    34  3.771e+508     2.650e+66      9.991e+574
3.81e-244
 967    33  6.692e+508     7.306e+64      4.889e+573
1.87e-245
 968    32  1.187e+509     1.957e+63      2.323e+572
8.86e-247
 969    31  2.104e+509     5.087e+61      1.071e+571
4.08e-248
 970    30  3.729e+509     1.282e+60      4.781e+569
1.82e-249
 971    29  6.606e+509     3.130e+58      2.067e+568
7.89e-251
 972    28  1.170e+510     7.391e+56      8.645e+566
3.30e-252
 973    27  2.070e+510     1.687e+55      3.491e+565
1.33e-253
 974    26  3.662e+510     3.714e+53      1.360e+564
5.19e-255
 975    25  6.475e+510     7.884e+51      5.105e+562
1.95e-256

 976    24  1.144e+511     1.610e+50      1.843e+561
7.03e-258
 977    23  2.022e+511     3.160e+48      6.388e+559
2.44e-259
 978    22  3.570e+511     5.947e+46      2.123e+558
8.10e-261
 979    21  6.301e+511     1.072e+45      6.752e+556
2.58e-262
 980    20  1.112e+512     1.845e+43      2.051e+555
7.82e-264
 981    19  1.961e+512     3.026e+41      5.933e+553
2.26e-265
 982    18  3.456e+512     4.721e+39      1.631e+552
6.23e-267
 983    17  6.089e+512     6.982e+37      4.252e+550
1.62e-268
 984    16  1.072e+513     9.762e+35      1.047e+549
3.99e-270
 985    15  1.888e+513     1.285e+34      2.427e+547
9.26e-272
 986    14  3.322e+513     1.588e+32      5.276e+545
2.01e-273
 987    13  5.843e+513     1.833e+30      1.071e+544
4.09e-275
 988    12  1.027e+514     1.966e+28      2.020e+542
7.71e-277
 989    11  1.805e+514     1.948e+26      3.517e+540
1.34e-278
 990    10  3.171e+514     1.771e+24      5.617e+538
2.14e-280
 991     9  5.568e+514     1.465e+22      8.157e+536
3.11e-282
 992     8  9.771e+514     1.092e+20      1.067e+535
4.07e-284
 993     7  1.714e+515     7.235e+17      1.240e+533
4.73e-286
 994     6  3.006e+515     4.199e+15      1.262e+531
4.82e-288
 995     5  5.268e+515     2.091e+13      1.102e+529
4.20e-290
 996     4  9.230e+515     8.683e+10      8.015e+526
3.06e-292
 997     3  1.616e+516     288720400    4.667e+524     1.78e-
294
 998     2  2.830e+516         720600    2.039e+522
7.78e-297
 999     1  4.951e+516           1200    5.941e+519
2.27e-299
1000     0  8.660e+516             1      8.660e+516
3.30e-302


