   0  1000            1    1.913E656     1.913E656     7.30E-163
   1   999          750    8.698E655     6.523E658     2.49E-160
   2   998      281625    3.953E655     1.113E661     4.25E-158
   3   997   70594000    1.796E655     1.268E663     4.84E-156
   4   996  1.329E10      8.153E654     1.083E665     4.13E-154
   5   995  2.004E12      3.699E654     7.414E666     2.83E-152
   6   994  2.522E14      1.678E654     4.231E668     1.61E-150
   7   993  2.723E16      7.605E653     2.071E670     7.90E-149
   8   992  2.577E18      3.445E653     8.878E671     3.39E-147
   9   991  2.170E20      1.560E653     3.385E673     1.29E-145
  10   990  1.647E22      7.058E652     1.163E675     4.44E-144
  11   989  1.138E24      3.192E652     3.633E676     1.39E-142
  12   988  7.218E25      1.443E652     1.041E678     3.97E-141
  13   987  4.231E27      6.518E651     2.758E679     1.05E-139
  14   986  2.306E29      2.943E651     6.786E680     2.59E-138
  15   985  1.174E31      1.328E651     1.560E682     5.95E-137
  16   984  5.615E32      5.990E650     3.363E683     1.28E-135
  17   983  2.530E34      2.700E650     6.831E684     2.61E-134
  18   982  1.078E36      1.216E650     1.311E686     5.00E-133
  19   981  4.358E37      5.476E649     2.387E687     9.11E-132
  20   980  1.676E39      2.464E649     4.129E688     1.58E-130
  21   979  6.144E40      1.108E649     6.810E689     2.60E-129
  22   978  2.153E42      4.982E648     1.073E691     4.09E-128
  23   977  7.227E43      2.238E648     1.618E692     6.17E-127
  24   976  2.328E45      1.005E648     2.339E693     8.93E-126
  25   975  7.207E46      4.509E647     3.250E694     1.24E-124
  26   974  2.148E48      2.022E647     4.344E695     1.66E-123
  27   973  6.174E49      9.065E646     5.597E696     2.14E-122
  28   972  1.713E51      4.061E646     6.957E697     2.65E-121
  29   971  4.596E52      1.818E646     8.357E698     3.19E-120
  30   970  1.194E54      8.135E645     9.710E699     3.70E-119
  31   969  3.003E55      3.638E645     1.093E701     4.17E-118
  32   968  7.329E56      1.626E645     1.192E702     4.55E-117
  33   967  1.737E58      7.264E644     1.262E703     4.81E-116
  34   966  4.000E59      3.243E644     1.297E704     4.95E-115
  35   965  8.960E60      1.447E644     1.296E705     4.95E-114
  36   964  1.954E62      6.453E643     1.261E706     4.81E-113
  37   963  4.150E63      2.876E643     1.194E707     4.55E-112
  38   962  8.595E64      1.281E643     1.101E708     4.20E-111
  39   961  1.737E66      5.702E642     9.903E708     3.78E-110
  40   960  3.426E67      2.537E642     8.691E709     3.32E-109
  41   959  6.601E68      1.128E642     7.446E710     2.84E-108
  42   958  1.243E70      5.013E641     6.232E711     2.38E-107
  43   957  2.290E71      2.226E641     5.098E712     1.95E-106
  44   956  4.127E72      9.883E640     4.078E713     1.56E-105
  45   955  7.281E73      4.384E640     3.192E714     1.22E-104
  46   954  1.258E75      1.944E640     2.446E715     9.33E-104
  47   953  2.131E76      8.613E639     1.836E716     7.00E-103
  48   952  3.539E77      3.814E639     1.350E717     5.15E-102
  49   951  5.763E78      1.688E639     9.728E717     3.71E-101
  50   950  9.209E79      7.467E638     6.876E718     2.62E-100
  51   949  1.445E81      3.301E638     4.768E719     1.82E-99
  52   948  2.225E82      1.458E638     3.245E720     1.24E-98
  53   947  3.367E83      6.439E637     2.168E721     8.27E-98
  54   946  5.007E84      2.842E637     1.423E722     5.43E-97
  55   945  7.320E85      1.253E637     9.173E722     3.50E-96
  56   944  1.052E87      5.524E636     5.812E723     2.22E-95
  57   943  1.488E88      2.433E636     3.620E724     1.38E-94
  58   942  2.070E89      1.071E636     2.218E725     8.46E-94
  59   941  2.835E90      4.713E635     1.336E726     5.10E-93
  60   940  3.823E91      2.072E635     7.922E726     3.02E-92
  61   939  5.076E92      9.107E634     4.623E727     1.76E-91
  62   938  6.640E93      4.000E634     2.656E728     1.01E-90
  63   937  8.558E94      1.756E634     1.502E729     5.73E-90
  64   936  1.087E96      7.702E633     8.373E729     3.19E-89
  65   935  1.361E97      3.376E633     4.597E730     1.75E-88
  66   934  1.681E98      1.479E633     2.487E731     9.49E-88
  67   933  2.047E99      6.478E632     1.326E732     5.06E-87
  68   932  2.460E100     2.835E632     6.974E732     2.66E-86
  69   931  2.916E101     1.240E632     3.616E733     1.38E-85
  70   930  3.412E102     5.419E631     1.849E734     7.06E-85
  71   929  3.941E103     2.367E631     9.328E734     3.56E-84
  72   928  4.493E104     1.033E631     4.644E735     1.77E-83
  73   927  5.060E105     4.509E630     2.281E736     8.70E-83
  74   926  5.627E106     1.966E630     1.106E737     4.22E-82
  75   925  6.182E107     8.567E629     5.297E737     2.02E-81
  76   924  6.711E108     3.731E629     2.504E738     9.55E-81
  77   923  7.199E109     1.624E629     1.169E739     4.46E-80
  78   922  7.633E110     7.063E628     5.391E739     2.06E-79
  79   921  8.000E111     3.070E628     2.456E740     9.37E-79
  80   920  8.290E112     1.334E628     1.106E741     4.22E-78
  81   919  8.495E113     5.791E627     4.920E741     1.88E-77
  82   918  8.609E114     2.513E627     2.163E742     8.25E-77
  83   917  8.630E115     1.090E627     9.403E742     3.59E-76
  84   916  8.558E116     4.722E626     4.041E743     1.54E-75
  85   915  8.397E117     2.045E626     1.717E744     6.55E-75
  86   914  8.153E118     8.852E625     7.217E744     2.75E-74
  87   913  7.834E119     3.829E625     3.000E745     1.14E-73
  88   912  7.451E120     1.655E625     1.233E746     4.71E-73
  89   911  7.016E121     7.151E624     5.017E746     1.91E-72
  90   910  6.540E122     3.087E624     2.019E747     7.71E-72
  91   909  6.037E123     1.332E624     8.043E747     3.07E-71
  92   908  5.519E124     5.745E623     3.170E748     1.21E-70
  93   907  4.997E125     2.476E623     1.237E749     4.72E-70
  94   906  4.481E126     1.066E623     4.778E749     1.82E-69
  95   905  3.981E127     4.589E622     1.827E750     6.97E-69
  96   904  3.504E128     1.974E622     6.917E750     2.64E-68
  97   903  3.056E129     8.485E621     2.593E751     9.89E-68
  98   902  2.641E130     3.645E621     9.628E751     3.67E-67
  99   901  2.263E131     1.565E621     3.541E752     1.35E-66
 100   900  1.921E132     6.714E620     1.290E753     4.92E-66
 101   899  1.617E133     2.879E620     4.654E753     1.78E-65
 102   898  1.349E134     1.234E620     1.664E754     6.35E-65
 103   897  1.116E135     5.283E619     5.894E754     2.25E-64
 104   896  9.151E135     2.261E619     2.069E755     7.89E-64
 105   895  7.442E136     9.669E618     7.196E755     2.75E-63
 106   894  6.003E137     4.133E618     2.481E756     9.47E-63
 107   893  4.802E138     1.765E618     8.477E756     3.23E-62
 108   892  3.811E139     7.535E617     2.871E757     1.10E-61
 109   891  3.000E140     3.214E617     9.642E757     3.68E-61
 110   890  2.343E141     1.370E617     3.210E758     1.22E-60
 111   889  1.815E142     5.838E616     1.060E759     4.04E-60
 112   888  1.395E143     2.486E616     3.468E759     1.32E-59
 113   887  1.064E144     1.058E616     1.126E760     4.30E-59
 114   886  8.057E144     4.497E615     3.623E760     1.38E-58
 115   885  6.053E145     1.911E615     1.157E761     4.41E-58
 116   884  4.514E146     8.115E614     3.663E761     1.40E-57
 117   883  3.341E147     3.444E614     1.151E762     4.39E-57
 118   882  2.455E148     1.461E614     3.586E762     1.37E-56
 119   881  1.791E149     6.191E613     1.109E763     4.23E-56
 120   880  1.297E150     2.622E613     3.400E763     1.30E-55
 121   879  9.323E150     1.110E613     1.035E764     3.95E-55
 122   878  6.656E151     4.695E612     3.125E764     1.19E-54
 123   877  4.719E152     1.985E612     9.366E764     3.57E-54
 124   876  3.322E153     8.384E611     2.785E765     1.06E-53
 125   875  2.323E154     3.540E611     8.222E765     3.14E-53
 126   874  1.613E155     1.493E611     2.409E766     9.19E-53
 127   873  1.113E156     6.296E610     7.005E766     2.67E-52
 128   872  7.624E156     2.653E610     2.022E767     7.72E-52
 129   871  5.189E157     1.117E610     5.795E767     2.21E-51
 130   870  3.508E158     4.700E609     1.649E768     6.29E-51
 131   869  2.357E159     1.976E609     4.657E768     1.78E-50
 132   868  1.573E160     8.304E608     1.306E769     4.98E-50
 133   867  1.043E161     3.487E608     3.638E769     1.39E-49
 134   866  6.874E161     1.463E608     1.006E770     3.84E-49
 135   865  4.501E162     6.137E607     2.762E770     1.05E-48
 136   864  2.929E163     2.572E607     7.533E770     2.87E-48
 137   863  1.894E164     1.077E607     2.040E771     7.79E-48
 138   862  1.218E165     4.508E606     5.489E771     2.09E-47
 139   861  7.778E165     1.886E606     1.467E772     5.60E-47
 140   860  4.939E166     7.881E605     3.892E772     1.49E-46
 141   859  3.118E167     3.292E605     1.026E773     3.92E-46
 142   858  1.956E168     1.374E605     2.688E773     1.03E-45
 143   857  1.220E169     5.731E604     6.993E773     2.67E-45
 144   856  7.567E169     2.389E604     1.808E774     6.90E-45
 145   855  4.665E170     9.950E603     4.642E774     1.77E-44
 146   854  2.860E171     4.142E603     1.185E775     4.52E-44
 147   853  1.743E172     1.723E603     3.004E775     1.15E-43
 148   852  1.057E173     7.162E602     7.567E775     2.89E-43
 149   851  6.368E173     2.975E602     1.895E776     7.23E-43
 150   850  3.816E174     1.235E602     4.713E776     1.80E-42
 151   849  2.275E175     5.124E601     1.165E777     4.45E-42
 152   848  1.348E176     2.124E601     2.864E777     1.09E-41
 153   847  7.949E176     8.799E600     6.994E777     2.67E-41
 154   846  4.661E177     3.643E600     1.698E778     6.48E-41
 155   845  2.718E178     1.507E600     4.096E778     1.56E-40
 156   844  1.577E179     6.230E599     9.824E778     3.75E-40
 157   843  9.100E179     2.574E599     2.342E779     8.94E-40
 158   842  5.224E180     1.062E599     5.550E779     2.12E-39
 159   841  2.983E181     4.383E598     1.308E780     4.99E-39
 160   840  1.695E182     1.807E598     3.063E780     1.17E-38
 161   839  9.580E182     7.444E597     7.131E780     2.72E-38
 162   838  5.387E183     3.064E597     1.651E781     6.30E-38
 163   837  3.014E184     1.261E597     3.800E781     1.45E-37
 164   836  1.678E185     5.183E596     8.697E781     3.32E-37
 165   835  9.295E185     2.129E596     1.979E782     7.55E-37
 166   834  5.124E186     8.740E595     4.478E782     1.71E-36
 167   833  2.810E187     3.586E595     1.008E783     3.84E-36
 168   832  1.534E188     1.470E595     2.255E783     8.60E-36
 169   831  8.332E188     6.021E594     5.017E783     1.91E-35
 170   830  4.504E189     2.465E594     1.110E784     4.24E-35
 171   829  2.423E190     1.008E594     2.444E784     9.32E-35
 172   828  1.298E191     4.122E593     5.349E784     2.04E-34
 173   827  6.916E191     1.684E593     1.164E785     4.44E-34
 174   826  3.669E192     6.873E592     2.521E785     9.62E-34
 175   825  1.937E193     2.803E592     5.430E785     2.07E-33
 176   824  1.018E194     1.143E592     1.163E786     4.44E-33
 177   823  5.326E194     4.654E591     2.479E786     9.46E-33
 178   822  2.774E195     1.894E591     5.255E786     2.00E-32
 179   821  1.438E196     7.705E590     1.108E787     4.23E-32
 180   820  7.422E196     3.132E590     2.324E787     8.87E-32
 181   819  3.813E197     1.272E590     4.850E787     1.85E-31
 182   818  1.951E198     5.162E589     1.007E788     3.84E-31
 183   817  9.934E198     2.093E589     2.080E788     7.94E-31
 184   816  5.037E199     8.484E588     4.274E788     1.63E-30
 185   815  2.543E200     3.436E588     8.738E788     3.33E-30
 186   814  1.278E201     1.390E588     1.777E789     6.78E-30
 187   813  6.399E201     5.622E587     3.598E789     1.37E-29
 188   812  3.189E202     2.272E587     7.245E789     2.76E-29
 189   811  1.583E203     9.173E586     1.452E790     5.54E-29
 190   810  7.823E203     3.701E586     2.895E790     1.10E-28
 191   809  3.850E204     1.492E586     5.745E790     2.19E-28
 192   808  1.887E205     6.012E585     1.134E791     4.33E-28
 193   807  9.209E205     2.420E585     2.229E791     8.50E-28
 194   806  4.476E206     9.737E584     4.359E791     1.66E-27
 195   805  2.167E207     3.914E584     8.482E791     3.24E-27
 196   804  1.045E208     1.572E584     1.643E792     6.27E-27
 197   803  5.017E208     6.311E583     3.167E792     1.21E-26
 198   802  2.400E209     2.531E583     6.075E792     2.32E-26
 199   801  1.143E210     1.015E583     1.160E793     4.43E-26
 200   800  5.424E210     4.063E582     2.204E793     8.41E-26
 201   799  2.564E211     1.626E582     4.169E793     1.59E-25
 202   798  1.207E212     6.503E581     7.849E793     3.00E-25
 203   797  5.660E212     2.599E581     1.471E794     5.61E-25
 204   796  2.644E213     1.038E581     2.744E794     1.05E-24
 205   795  1.231E214     4.140E580     5.095E794     1.94E-24
 206   794  5.705E214     1.651E580     9.417E794     3.59E-24
 207   793  2.635E215     6.576E579     1.733E795     6.61E-24
 208   792  1.212E216     2.618E579     3.173E795     1.21E-23
 209   791  5.556E216     1.041E579     5.786E795     2.21E-23
 210   790  2.537E217     4.139E578     1.050E796     4.01E-23
 211   789  1.154E218     1.644E578     1.898E796     7.24E-23
 212   788  5.233E218     6.525E577     3.415E796     1.30E-22
 213   787  2.364E219     2.588E577     6.116E796     2.33E-22
 214   786  1.064E220     1.025E577     1.091E797     4.16E-22
 215   785  4.769E220     4.060E576     1.936E797     7.39E-22
 216   784  2.131E221     1.607E576     3.423E797     1.31E-21
 217   783  9.484E221     6.352E575     6.024E797     2.30E-21
 218   782  4.207E222     2.509E575     1.056E798     4.03E-21
 219   781  1.860E223     9.905E574     1.842E798     7.03E-21
 220   780  8.191E223     3.907E574     3.200E798     1.22E-20
 221   779  3.595E224     1.540E574     5.536E798     2.11E-20
 222   778  1.572E225     6.065E573     9.536E798     3.64E-20
 223   777  6.854E225     2.387E573     1.636E799     6.24E-20
 224   776  2.977E226     9.385E572     2.794E799     1.07E-19
 225   775  1.289E227     3.687E572     4.752E799     1.81E-19
 226   774  5.560E227     1.448E572     8.049E799     3.07E-19
 227   773  2.390E228     5.679E571     1.358E800     5.18E-19
 228   772  1.024E229     2.226E571     2.280E800     8.70E-19
 229   771  4.375E229     8.719E570     3.814E800     1.46E-18
 230   770  1.862E230     3.413E570     6.354E800     2.42E-18
 231   769  7.900E230     1.335E570     1.054E801     4.02E-18
 232   768  3.340E231     5.215E569     1.742E801     6.65E-18
 233   767  1.408E232     2.036E569     2.866E801     1.09E-17
 234   766  5.914E232     7.943E568     4.698E801     1.79E-17
 235   765  2.476E233     3.096E568     7.668E801     2.93E-17
 236   764  1.034E234     1.206E568     1.247E802     4.76E-17
 237   763  4.300E234     4.694E567     2.018E802     7.70E-17
 238   762  1.783E235     1.825E567     3.255E802     1.24E-16
 239   761  7.372E235     7.093E566     5.229E802     2.00E-16
 240   760  3.038E236     2.754E566     8.366E802     3.19E-16
 241   759  1.248E237     1.068E566     1.333E803     5.09E-16
 242   758  5.110E237     4.142E565     2.116E803     8.08E-16
 243   757  2.086E238     1.604E565     3.347E803     1.28E-15
 244   756  8.490E238     6.209E564     5.271E803     2.01E-15
 245   755  3.444E239     2.401E564     8.270E803     3.16E-15
 246   754  1.393E240     9.277E563     1.292E804     4.93E-15
 247   753  5.618E240     3.581E563     2.012E804     7.68E-15
 248   752  2.258E241     1.382E563     3.120E804     1.19E-14
 249   751  9.052E241     5.325E562     4.820E804     1.84E-14
 250   750  3.617E242     2.051E562     7.418E804     2.83E-14
 251   749  1.441E243     7.892E561     1.137E805     4.34E-14
 252   748  5.724E243     3.034E561     1.737E805     6.63E-14
 253   747  2.267E244     1.166E561     2.643E805     1.01E-13
 254   746  8.952E244     4.475E560     4.006E805     1.53E-13
 255   745  3.525E245     1.716E560     6.050E805     2.31E-13
 256   744  1.384E246     6.578E559     9.102E805     3.47E-13
 257   743  5.417E246     2.519E559     1.364E806     5.21E-13
 258   742  2.114E247     9.636E558     2.037E806     7.77E-13
 259   741  8.228E247     3.684E558     3.031E806     1.16E-12
 260   740  3.193E248     1.407E558     4.493E806     1.71E-12
 261   739  1.236E249     5.370E557     6.635E806     2.53E-12
 262   738  4.768E249     2.048E557     9.763E806     3.73E-12
 263   737  1.835E250     7.802E556     1.431E807     5.46E-12
 264   736  7.040E250     2.970E556     2.091E807     7.98E-12
 265   735  2.694E251     1.130E556     3.043E807     1.16E-11
 266   734  1.028E252     4.293E555     4.413E807     1.68E-11
 267   733  3.911E252     1.630E555     6.376E807     2.43E-11
 268   732  1.484E253     6.185E554     9.180E807     3.50E-11
 269   731  5.617E253     2.345E554     1.317E808     5.03E-11
 270   730  2.120E254     8.880E553     1.883E808     7.18E-11
 271   729  7.979E254     3.361E553     2.681E808     1.02E-10
 272   728  2.995E255     1.271E553     3.806E808     1.45E-10
 273   727  1.121E256     4.800E552     5.382E808     2.05E-10
 274   726  4.186E256     1.812E552     7.586E808     2.89E-10
 275   725  1.559E257     6.834E551     1.065E809     4.06E-10
 276   724  5.789E257     2.575E551     1.491E809     5.69E-10
 277   723  2.144E258     9.695E550     2.079E809     7.93E-10
 278   722  7.921E258     3.647E550     2.889E809     1.10E-9
 279   721  2.919E259     1.371E550     4.001E809     1.53E-9
 280   720  1.073E260     5.147E549     5.521E809     2.11E-9
 281   719  3.932E260     1.931E549     7.593E809     2.90E-9
 282   718  1.437E261     7.240E548     1.041E810     3.97E-9
 283   717  5.242E261     2.712E548     1.421E810     5.42E-9
 284   716  1.907E262     1.015E548     1.935E810     7.38E-9
 285   715  6.917E262     3.794E547     2.624E810     1.00E-8
 286   714  2.503E263     1.417E547     3.548E810     1.35E-8
 287   713  9.036E263     5.290E546     4.780E810     1.82E-8
 288   712  3.254E264     1.973E546     6.418E810     2.45E-8
 289   711  1.169E265     7.350E545     8.589E810     3.28E-8
 290   710  4.187E265     2.736E545     1.145E811     4.37E-8
 291   709  1.496E266     1.018E545     1.523E811     5.81E-8
 292   708  5.335E266     3.781E544     2.017E811     7.70E-8
 293   707  1.897E267     1.404E544     2.663E811     1.02E-7
 294   706  6.730E267     5.207E543     3.505E811     1.34E-7
 295   705  2.382E268     1.930E543     4.596E811     1.75E-7
 296   704  8.409E268     7.145E542     6.009E811     2.29E-7
 297   703  2.962E269     2.643E542     7.829E811     2.99E-7
 298   702  1.041E270     9.770E541     1.017E812     3.88E-7
 299   701  3.647E270     3.608E541     1.316E812     5.02E-7
 300   700  1.275E271     1.331E541     1.698E812     6.48E-7
 301   699  4.449E271     4.907E540     2.183E812     8.33E-7
 302   698  1.548E272     1.807E540     2.798E812     1.07E-6
 303   697  5.375E272     6.649E539     3.574E812     1.36E-6
 304   696  1.862E273     2.444E539     4.551E812     1.74E-6
 305   695  6.434E273     8.978E538     5.776E812     2.20E-6
 306   694  2.218E274     3.294E538     7.308E812     2.79E-6
 307   693  7.630E274     1.208E538     9.215E812     3.52E-6
 308   692  2.619E275     4.424E537     1.158E813     4.42E-6
 309   691  8.966E275     1.619E537     1.451E813     5.54E-6
 310   690  3.063E276     5.919E536     1.813E813     6.92E-6
 311   689  1.044E277     2.162E536     2.257E813     8.61E-6
 312   688  3.550E277     7.890E535     2.801E813     1.07E-5
 313   687  1.205E278     2.877E535     3.465E813     1.32E-5
 314   686  4.078E278     1.048E535     4.273E813     1.63E-5
 315   685  1.377E279     3.813E534     5.252E813     2.00E-5
 316   684  4.642E279     1.386E534     6.436E813     2.46E-5
 317   683  1.561E280     5.036E533     7.862E813     3.00E-5
 318   682  5.238E280     1.828E533     9.573E813     3.65E-5
 319   681  1.754E281     6.627E532     1.162E814     4.43E-5
 320   680  5.858E281     2.401E532     1.406E814     5.37E-5
 321   679  1.953E282     8.687E531     1.696E814     6.47E-5
 322   678  6.495E282     3.141E531     2.040E814     7.78E-5
 323   677  2.156E283     1.135E531     2.446E814     9.33E-5
 324   676  7.139E283     4.094E530     2.923E814     0.00011
 325   675  2.359E284     1.476E530     3.482E814     0.00013
 326   674  7.779E284     5.317E529     4.136E814     0.00016
 327   673  2.560E285     1.913E529     4.897E814     0.00019
 328   672  8.405E285     6.878E528     5.781E814     0.00022
 329   671  2.754E286     2.471E528     6.804E814     0.00026
 330   670  9.004E286     8.865E527     7.982E814     0.00030
 331   669  2.938E287     3.178E527     9.337E814     0.00036
 332   668  9.566E287     1.138E527     1.089E815     0.00042
 333   667  3.108E288     4.072E526     1.266E815     0.00048
 334   666  1.008E289     1.456E526     1.467E815     0.00056
 335   665  3.261E289     5.198E525     1.695E815     0.00065
 336   664  1.053E290     1.854E525     1.953E815     0.00075
 337   663  3.394E290     6.609E524     2.243E815     0.00086
 338   662  1.091E291     2.353E524     2.569E815     0.00098
 339   661  3.503E291     8.371E523     2.932E815     0.00112
 340   660  1.122E292     2.975E523     3.338E815     0.00127
 341   659  3.586E292     1.056E523     3.788E815     0.00145
 342   658  1.144E293     3.746E522     4.286E815     0.00164
 343   657  3.642E293     1.327E522     4.835E815     0.00184
 344   656  1.157E294     4.699E521     5.438E815     0.00207
 345   655  3.670E294     1.662E521     6.098E815     0.00233
 346   654  1.161E295     5.871E520     6.818E815     0.00260
 347   653  3.668E295     2.072E520     7.600E815     0.00290
 348   652  1.156E296     7.306E519     8.448E815     0.00322
 349   651  3.638E296     2.573E519     9.362E815     0.00357
 350   650  1.142E297     9.055E518     1.034E816     0.00395
 351   649  3.580E297     3.183E518     1.140E816     0.00435
 352   648  1.120E298     1.118E518     1.252E816     0.00478
 353   647  3.496E298     3.922E517     1.371E816     0.00523
 354   646  1.089E299     1.375E517     1.497E816     0.00571
 355   645  3.387E299     4.813E516     1.630E816     0.00622
 356   644  1.051E300     1.684E516     1.770E816     0.00675
 357   643  3.257E300     5.883E515     1.916E816     0.00731
 358   642  1.007E301     2.054E515     2.068E816     0.00789
 359   641  3.108E301     7.162E514     2.226E816     0.00849
 360   640  9.576E301     2.495E514     2.389E816     0.00912
 361   639  2.944E302     8.683E513     2.556E816     0.00975
 362   638  9.036E302     3.019E513     2.728E816     0.01041
 363   637  2.768E303     1.048E513     2.902E816     0.01107
 364   636  8.464E303     3.637E512     3.079E816     0.01175
 365   635  2.583E304     1.261E512     3.257E816     0.01243
 366   634  7.870E304     4.365E511     3.435E816     0.01311
 367   633  2.393E305     1.510E511     3.613E816     0.01379
 368   632  7.264E305     5.217E510     3.789E816     0.01446
 369   631  2.201E306     1.801E510     3.963E816     0.01512
 370   630  6.656E306     6.209E509     4.132E816     0.01577
 371   629  2.009E307     2.139E509     4.297E816     0.01640
 372   628  6.055E307     7.359E508     4.456E816     0.01700
 373   627  1.821E308     2.529E508     4.607E816     0.01758
 374   626  5.469E308     8.685E507     4.750E816     0.01812
 375   625  1.639E309     2.979E507     4.884E816     0.01863
 376   624  4.905E309     1.021E507     5.007E816     0.01910
 377   623  1.465E310     3.494E506     5.119E816     0.01953
 378   622  4.368E310     1.195E506     5.218E816     0.01991
 379   621  1.300E311     4.081E505     5.305E816     0.02024
 380   620  3.862E311     1.392E505     5.378E816     0.02052
 381   619  1.145E312     4.746E504     5.437E816     0.02074
 382   618  3.391E312     1.616E504     5.480E816     0.02091
 383   617  1.002E313     5.496E503     5.509E816     0.02102
 384   616  2.957E313     1.867E503     5.523E816     0.02107
 385   615  8.711E313     6.338E502     5.521E816     0.02107
 386   614  2.561E314     2.149E502     5.504E816     0.02100
 387   613  7.519E314     7.277E501     5.472E816     0.02088
 388   612  2.203E315     2.462E501     5.424E816     0.02070
 389   611  6.446E315     8.319E500     5.362E816     0.02046
 390   610  1.882E316     2.808E500     5.287E816     0.02017
 391   609  5.489E316     9.470E499     5.198E816     0.01983
 392   608  1.598E317     3.190E499     5.096E816     0.01944
 393   607  4.642E317     1.073E499     4.982E816     0.01901
 394   606  1.347E318     3.607E498     4.858E816     0.01854
 395   605  3.900E318     1.211E498     4.724E816     0.01802
 396   604  1.128E319     4.062E497     4.581E816     0.01748
 397   603  3.255E319     1.361E497     4.429E816     0.01690
 398   602  9.382E319     4.553E496     4.272E816     0.01630
 399   601  2.699E320     1.522E496     4.108E816     0.01568
 400   600  7.754E320     5.081E495     3.940E816     0.01503
 401   599  2.224E321     1.695E495     3.769E816     0.01438
 402   598  6.367E321     5.646E494     3.595E816     0.01372
 403   597  1.820E322     1.879E494     3.420E816     0.01305
 404   596  5.194E322     6.245E493     3.244E816     0.01238
 405   595  1.480E323     2.074E493     3.069E816     0.01171
 406   594  4.210E323     6.878E492     2.896E816     0.01105
 407   593  1.196E324     2.278E492     2.725E816     0.01040
 408   592  3.391E324     7.540E491     2.557E816     0.00976
 409   591  9.602E324     2.492E491     2.393E816     0.00913
 410   590  2.714E325     8.228E490     2.233E816     0.00852
 411   589  7.661E325     2.714E490     2.079E816     0.00793
 412   588  2.159E326     8.939E489     1.930E816     0.00736
 413   587  6.074E326     2.941E489     1.787E816     0.00682
 414   586  1.706E327     9.668E488     1.650E816     0.00629
 415   585  4.786E327     3.174E488     1.519E816     0.00580
 416   584  1.340E328     1.041E488     1.395E816     0.00532
 417   583  3.747E328     3.409E487     1.277E816     0.00487
 418   582  1.046E329     1.115E487     1.167E816     0.00445
 419   581  2.917E329     3.644E486     1.063E816     0.00406
 420   580  8.118E329     1.190E486     9.656E815     0.00368
 421   579  2.256E330     3.878E485     8.749E815     0.00334
 422   578  6.260E330     1.263E485     7.906E815     0.00302
 423   577  1.734E331     4.108E484     7.125E815     0.00272
 424   576  4.798E331     1.335E484     6.404E815     0.00244
 425   575  1.325E332     4.331E483     5.740E815     0.00219
 426   574  3.656E332     1.404E483     5.132E815     0.00196
 427   573  1.007E333     4.545E482     4.576E815     0.00175
 428   572  2.769E333     1.470E482     4.069E815     0.00155
 429   571  7.603E333     4.746E481     3.609E815     0.00138
 430   570  2.085E334     1.531E481     3.192E815     0.00122
 431   569  5.708E334     4.934E480     2.816E815     0.00107
 432   568  1.560E335     1.588E480     2.478E815     0.00095
 433   567  4.259E335     5.104E479     2.174E815     0.00083
 434   566  1.161E336     1.639E479     1.903E815     0.00073
 435   565  3.160E336     5.255E478     1.661E815     0.00063
 436   564  8.589E336     1.683E478     1.446E815     0.00055
 437   563  2.331E337     5.385E477     1.255E815     0.00048
 438   562  6.317E337     1.720E477     1.087E815     0.00041
 439   561  1.710E338     5.491E476     9.386E814     0.00036
 440   560  4.620E338     1.750E476     8.085E814     0.00031
 441   559  1.247E339     5.572E475     6.946E814     0.00027
 442   558  3.359E339     1.772E475     5.951E814     0.00023
 443   557  9.038E339     5.627E474     5.085E814     0.00019
 444   556  2.428E340     1.785E474     4.334E814     0.00017
 445   555  6.516E340     5.654E473     3.684E814     0.00014
 446   554  1.746E341     1.789E473     3.124E814     0.00012
 447   553  4.671E341     5.654E472     2.641E814     0.00010
 448   552  1.248E342     1.785E472     2.227E814     8.50E-5
 449   551  3.330E342     5.626E471     1.874E814     7.15E-5
 450   550  8.873E342     1.771E471     1.572E814     6.00E-5
 451   549  2.361E343     5.571E470     1.315E814     5.02E-5
 452   548  6.273E343     1.750E470     1.098E814     4.19E-5
 453   547  1.664E344     5.488E469     9.135E813     3.49E-5
 454   546  4.410E344     1.719E469     7.583E813     2.89E-5
 455   545  1.167E345     5.380E468     6.279E813     2.40E-5
 456   544  3.084E345     1.681E468     5.185E813     1.98E-5
 457   543  8.139E345     5.247E467     4.270E813     1.63E-5
 458   542  2.145E346     1.636E467     3.508E813     1.34E-5
 459   541  5.645E346     5.092E466     2.874E813     1.10E-5
 460   540  1.484E347     1.583E466     2.349E813     8.96E-6
 461   539  3.894E347     4.916E465     1.914E813     7.30E-6
 462   538  1.021E348     1.525E465     1.556E813     5.94E-6
 463   537  2.672E348     4.722E464     1.262E813     4.81E-6
 464   536  6.985E348     1.461E464     1.020E813     3.89E-6
 465   535  1.824E349     4.513E463     8.229E812     3.14E-6
 466   534  4.755E349     1.392E463     6.620E812     2.53E-6
 467   533  1.238E350     4.290E462     5.311E812     2.03E-6
 468   532  3.220E350     1.320E462     4.251E812     1.62E-6
 469   531  8.361E350     4.058E461     3.393E812     1.29E-6
 470   530  2.169E351     1.245E461     2.701E812     1.03E-6
 471   529  5.617E351     3.818E460     2.144E812     8.18E-7
 472   528  1.453E352     1.169E460     1.698E812     6.48E-7
 473   527  3.754E352     3.573E459     1.341E812     5.12E-7
 474   526  9.686E352     1.091E459     1.057E812     4.03E-7
 475   525  2.496E353     3.327E458     8.303E811     3.17E-7
 476   524  6.423E353     1.013E458     6.507E811     2.48E-7
 477   523  1.651E354     3.081E457     5.086E811     1.94E-7
 478   522  4.238E354     9.357E456     3.965E811     1.51E-7
 479   521  1.086E355     2.838E456     3.084E811     1.18E-7
 480   520  2.782E355     8.597E455     2.391E811     9.13E-8
 481   519  7.113E355     2.601E455     1.850E811     7.06E-8
 482   518  1.817E356     7.856E454     1.427E811     5.45E-8
 483   517  4.634E356     2.370E454     1.098E811     4.19E-8
 484   516  1.181E357     7.141E453     8.430E810     3.22E-8
 485   515  3.004E357     2.149E453     6.453E810     2.46E-8
 486   514  7.633E357     6.456E452     4.927E810     1.88E-8
 487   513  1.937E358     1.937E452     3.752E810     1.43E-8
 488   512  4.910E358     5.804E451     2.850E810     1.09E-8
 489   511  1.243E359     1.737E451     2.159E810     8.24E-9
 490   510  3.143E359     5.190E450     1.632E810     6.23E-9
 491   509  7.939E359     1.549E450     1.230E810     4.69E-9
 492   508  2.002E360     4.616E449     9.243E809     3.53E-9
 493   507  5.045E360     1.374E449     6.930E809     2.64E-9
 494   506  1.269E361     4.082E448     5.182E809     1.98E-9
 495   505  3.190E361     1.212E448     3.865E809     1.47E-9
 496   504  8.007E361     3.591E447     2.875E809     1.10E-9
 497   503  2.007E362     1.063E447     2.133E809     8.14E-10
 498   502  5.027E362     3.140E446     1.579E809     6.02E-10
 499   501  1.257E363     9.268E445     1.165E809     4.45E-10
 500   500  3.140E363     2.731E445     8.577E808     3.27E-10
 501   499  7.835E363     8.038E444     6.298E808     2.40E-10
 502   498  1.953E364     2.362E444     4.612E808     1.76E-10
 503   497  4.860E364     6.932E443     3.369E808     1.29E-10
 504   496  1.208E365     2.031E443     2.454E808     9.37E-11
 505   495  3.000E365     5.944E442     1.783E808     6.81E-11
 506   494  7.441E365     1.737E442     1.293E808     4.93E-11
 507   493  1.843E366     5.068E441     9.343E807     3.57E-11
 508   492  4.562E366     1.477E441     6.736E807     2.57E-11
 509   491  1.127E367     4.297E440     4.844E807     1.85E-11
 510   490  2.783E367     1.248E440     3.474E807     1.33E-11
 511   489  6.862E367     3.622E439     2.485E807     9.48E-12
 512   488  1.690E368     1.049E439     1.773E807     6.77E-12
 513   487  4.158E368     3.035E438     1.262E807     4.81E-12
 514   486  1.022E369     8.766E437     8.956E806     3.42E-12
 515   485  2.508E369     2.528E437     6.340E806     2.42E-12
 516   484  6.147E369     7.282E436     4.476E806     1.71E-12
 517   483  1.505E370     2.094E436     3.152E806     1.20E-12
 518   482  3.682E370     6.014E435     2.214E806     8.45E-13
 519   481  8.996E370     1.724E435     1.551E806     5.92E-13
 520   480  2.195E371     4.937E434     1.084E806     4.14E-13
 521   479  5.351E371     1.411E434     7.552E805     2.88E-13
 522   478  1.303E372     4.029E433     5.249E805     2.00E-13
 523   477  3.169E372     1.148E433     3.639E805     1.39E-13
 524   476  7.699E372     3.268E432     2.516E805     9.60E-14
 525   475  1.868E373     9.288E431     1.735E805     6.62E-14
 526   474  4.528E373     2.635E431     1.193E805     4.55E-14
 527   473  1.096E374     7.467E430     8.187E804     3.12E-14
 528   472  2.652E374     2.112E430     5.601E804     2.14E-14
 529   471  6.406E374     5.967E429     3.822E804     1.46E-14
 530   470  1.546E375     1.683E429     2.602E804     9.93E-15
 531   469  3.727E375     4.739E428     1.766E804     6.74E-15
 532   468  8.974E375     1.332E428     1.196E804     4.56E-15
 533   467  2.158E376     3.741E427     8.074E803     3.08E-15
 534   466  5.186E376     1.049E427     5.438E803     2.07E-15
 535   465  1.245E377     2.935E426     3.653E803     1.39E-15
 536   464  2.984E377     8.201E425     2.447E803     9.34E-16
 537   463  7.145E377     2.288E425     1.635E803     6.24E-16
 538   462  1.709E378     6.374E424     1.090E803     4.16E-16
 539   461  4.085E378     1.773E424     7.242E802     2.76E-16
 540   460  9.750E378     4.924E423     4.801E802     1.83E-16
 541   459  2.325E379     1.365E423     3.174E802     1.21E-16
 542   458  5.538E379     3.780E422     2.093E802     7.99E-17
 543   457  1.318E380     1.045E422     1.377E802     5.25E-17
 544   456  3.132E380     2.883E421     9.029E801     3.45E-17
 545   455  7.436E380     7.944E420     5.907E801     2.25E-17
 546   454  1.764E381     2.185E420     3.854E801     1.47E-17
 547   453  4.179E381     6.002E419     2.508E801     9.57E-18
 548   452  9.890E381     1.646E419     1.628E801     6.21E-18
 549   451  2.338E382     4.506E418     1.054E801     4.02E-18
 550   450  5.522E382     1.232E418     6.801E800     2.60E-18
 551   449  1.303E383     3.361E417     4.379E800     1.67E-18
 552   448  3.071E383     9.156E416     2.812E800     1.07E-18
 553   447  7.230E383     2.491E416     1.801E800     6.87E-19
 554   446  1.701E384     6.764E415     1.150E800     4.39E-19
 555   445  3.995E384     1.834E415     7.327E799     2.80E-19
 556   444  9.378E384     4.964E414     4.655E799     1.78E-19
 557   443  2.199E385     1.341E414     2.950E799     1.13E-19
 558   442  5.150E385     3.619E413     1.864E799     7.11E-20
 559   441  1.205E386     9.748E412     1.175E799     4.48E-20
 560   440  2.817E386     2.621E412     7.384E798     2.82E-20
 561   439  6.578E386     7.037E411     4.629E798     1.77E-20
 562   438  1.534E387     1.886E411     2.894E798     1.10E-20
 563   437  3.576E387     5.046E410     1.804E798     6.88E-21
 564   436  8.325E387     1.348E410     1.122E798     4.28E-21
 565   435  1.936E388     3.594E409     6.959E797     2.66E-21
 566   434  4.498E388     9.569E408     4.304E797     1.64E-21
 567   433  1.044E389     2.543E408     2.655E797     1.01E-21
 568   432  2.421E389     6.747E407     1.633E797     6.23E-22
 569   431  5.607E389     1.787E407     1.002E797     3.82E-22
 570   430  1.297E390     4.725E406     6.131E796     2.34E-22
 571   429  2.999E390     1.247E406     3.741E796     1.43E-22
 572   428  6.927E390     3.287E405     2.277E796     8.69E-23
 573   427  1.598E391     8.647E404     1.382E796     5.27E-23
 574   426  3.684E391     2.271E404     8.364E795     3.19E-23
 575   425  8.482E391     5.953E403     5.049E795     1.93E-23
 576   424  1.951E392     1.558E403     3.040E795     1.16E-23
 577   423  4.484E392     4.070E402     1.825E795     6.96E-24
 578   422  1.029E393     1.061E402     1.093E795     4.17E-24
 579   421  2.361E393     2.763E401     6.524E794     2.49E-24
 580   420  5.410E393     7.180E400     3.885E794     1.48E-24
 581   419  1.238E394     1.863E400     2.307E794     8.80E-25
 582   418  2.832E394     4.824E399     1.366E794     5.21E-25
 583   417  6.471E394     1.247E399     8.069E793     3.08E-25
 584   416  1.477E395     3.218E398     4.753E793     1.81E-25
 585   415  3.368E395     8.288E397     2.792E793     1.07E-25
 586   414  7.673E395     2.131E397     1.635E793     6.24E-26
 587   413  1.746E396     5.470E396     9.553E792     3.65E-26
 588   412  3.971E396     1.401E396     5.565E792     2.12E-26
 589   411  9.021E396     3.584E395     3.233E792     1.23E-26
 590   410  2.047E397     9.149E394     1.873E792     7.15E-27
 591   409  4.642E397     2.331E394     1.082E792     4.13E-27
 592   408  1.051E398     5.930E393     6.235E791     2.38E-27
 593   407  2.380E398     1.506E393     3.583E791     1.37E-27
 594   406  5.380E398     3.815E392     2.053E791     7.83E-28
 595   405  1.215E399     9.651E391     1.173E791     4.48E-28
 596   404  2.742E399     2.437E391     6.683E790     2.55E-28
 597   403  6.183E399     6.142E390     3.798E790     1.45E-28
 598   402  1.393E400     1.545E390     2.152E790     8.21E-29
 599   401  3.134E400     3.879E389     1.216E790     4.64E-29
 600   400  7.047E400     9.723E388     6.852E789     2.61E-29
 601   399  1.583E401     2.432E388     3.850E789     1.47E-29
 602   398  3.552E401     6.073E387     2.157E789     8.23E-30
 603   397  7.965E401     1.513E387     1.205E789     4.60E-30
 604   396  1.784E402     3.765E386     6.717E788     2.56E-30
 605   395  3.993E402     9.347E385     3.732E788     1.42E-30
 606   394  8.928E402     2.316E385     2.068E788     7.89E-31
 607   393  1.995E403     5.729E384     1.143E788     4.36E-31
 608   392  4.452E403     1.414E384     6.296E787     2.40E-31
 609   391  9.927E403     3.484E383     3.459E787     1.32E-31
 610   390  2.212E404     8.569E382     1.895E787     7.23E-32
 611   389  4.923E404     2.103E382     1.035E787     3.95E-32
 612   388  1.095E405     5.152E381     5.640E786     2.15E-32
 613   387  2.432E405     1.260E381     3.063E786     1.17E-32
 614   386  5.399E405     3.073E380     1.659E786     6.33E-33
 615   385  1.198E406     7.485E379     8.963E785     3.42E-33
 616   384  2.654E406     1.819E379     4.827E785     1.84E-33
 617   383  5.875E406     4.413E378     2.593E785     9.89E-34
 618   382  1.300E407     1.068E378     1.388E785     5.30E-34
 619   381  2.872E407     2.581E377     7.413E784     2.83E-34
 620   380  6.341E407     6.225E376     3.947E784     1.51E-34
 621   379  1.399E408     1.498E376     2.096E784     8.00E-35
 622   378  3.084E408     3.598E375     1.109E784     4.23E-35
 623   377  6.791E408     8.624E374     5.856E783     2.23E-35
 624   376  1.494E409     2.063E374     3.083E783     1.18E-35
 625   375  3.285E409     4.925E373     1.618E783     6.17E-36
 626   374  7.215E409     1.173E373     8.466E782     3.23E-36
 627   373  1.583E410     2.790E372     4.417E782     1.69E-36
 628   372  3.472E410     6.620E371     2.298E782     8.77E-37
 629   371  7.606E410     1.567E371     1.192E782     4.55E-37
 630   370  1.665E411     3.704E370     6.167E781     2.35E-37
 631   369  3.641E411     8.735E369     3.180E781     1.21E-37
 632   368  7.957E411     2.056E369     1.635E781     6.24E-38
 633   367  1.737E412     4.827E368     8.386E780     3.20E-38
 634   366  3.789E412     1.131E368     4.287E780     1.64E-38
 635   365  8.259E412     2.646E367     2.185E780     8.34E-39
 636   364  1.799E413     6.174E366     1.110E780     4.24E-39
 637   363  3.913E413     1.438E366     5.627E779     2.15E-39
 638   362  8.507E413     3.342E365     2.843E779     1.08E-39
 639   361  1.848E414     7.750E364     1.432E779     5.46E-40
 640   360  4.011E414     1.793E364     7.192E778     2.74E-40
 641   359  8.697E414     4.141E363     3.601E778     1.37E-40
 642   358  1.884E415     9.542E362     1.798E778     6.86E-41
 643   357  4.079E415     2.194E362     8.950E777     3.41E-41
 644   356  8.824E415     5.034E361     4.442E777     1.69E-41
 645   355  1.907E416     1.152E361     2.198E777     8.39E-42
 646   354  4.118E416     2.633E360     1.084E777     4.14E-42
 647   353  8.885E416     6.001E359     5.332E776     2.03E-42
 648   352  1.916E417     1.365E359     2.615E776     9.98E-43
 649   351  4.126E417     3.098E358     1.278E776     4.88E-43
 650   350  8.881E417     7.015E357     6.230E775     2.38E-43
 651   349  1.910E418     1.585E357     3.027E775     1.16E-43
 652   348  4.104E418     3.573E356     1.467E775     5.60E-44
 653   347  8.811E418     8.038E355     7.083E774     2.70E-44
 654   346  1.890E419     1.804E355     3.410E774     1.30E-44
 655   345  4.052E419     4.041E354     1.637E774     6.25E-45
 656   344  8.678E419     9.028E353     7.835E773     2.99E-45
 657   343  1.857E420     2.013E353     3.738E773     1.43E-45
 658   342  3.971E420     4.477E352     1.778E773     6.78E-46
 659   341  8.484E420     9.937E351     8.431E772     3.22E-46
 660   340  1.811E421     2.200E351     3.985E772     1.52E-46
 661   339  3.864E421     4.861E350     1.878E772     7.17E-47
 662   338  8.235E421     1.071E350     8.823E771     3.37E-47
 663   337  1.754E422     2.356E349     4.132E771     1.58E-47
 664   336  3.732E422     5.169E348     1.929E771     7.36E-48
 665   335  7.936E422     1.132E348     8.980E770     3.43E-48
 666   334  1.686E423     2.471E347     4.166E770     1.59E-48
 667   333  3.579E423     5.384E346     1.927E770     7.35E-49
 668   332  7.593E423     1.170E346     8.886E769     3.39E-49
 669   331  1.609E424     2.538E345     4.084E769     1.56E-49
 670   330  3.409E424     5.490E344     1.871E769     7.14E-50
 671   329  7.213E424     1.185E344     8.547E768     3.26E-50
 672   328  1.525E425     2.551E343     3.891E768     1.48E-50
 673   327  3.223E425     5.480E342     1.766E768     6.74E-51
 674   326  6.804E425     1.174E342     7.990E767     3.05E-51
 675   325  1.435E426     2.510E341     3.603E767     1.37E-51
 676   324  3.026E426     5.353E340     1.620E767     6.18E-52
 677   323  6.374E426     1.139E340     7.259E766     2.77E-52
 678   322  1.341E427     2.417E339     3.242E766     1.24E-52
 679   321  2.821E427     5.117E338     1.444E766     5.51E-53
 680   320  5.929E427     1.081E338     6.406E765     2.44E-53
 681   319  1.245E428     2.276E337     2.834E765     1.08E-53
 682   318  2.612E428     4.784E336     1.250E765     4.77E-54
 683   317  5.477E428     1.003E336     5.492E764     2.10E-54
 684   316  1.147E429     2.097E335     2.406E764     9.18E-55
 685   315  2.402E429     4.374E334     1.051E764     4.01E-55
 686   314  5.025E429     9.100E333     4.572E763     1.74E-55
 687   313  1.050E430     1.888E333     1.983E763     7.57E-56
 688   312  2.194E430     3.909E332     8.576E762     3.27E-56
 689   311  4.578E430     8.072E331     3.696E762     1.41E-56
 690   310  9.548E430     1.663E331     1.587E762     6.06E-57
 691   309  1.990E431     3.415E330     6.796E761     2.59E-57
 692   308  4.144E431     6.999E329     2.900E761     1.11E-57
 693   307  8.622E431     1.430E329     1.233E761     4.71E-58
 694   306  1.793E432     2.916E328     5.227E760     1.99E-58
 695   305  3.725E432     5.928E327     2.208E760     8.43E-59
 696   304  7.733E432     1.202E327     9.297E759     3.55E-59
 697   303  1.604E433     2.432E326     3.901E759     1.49E-59
 698   302  3.326E433     4.905E325     1.631E759     6.23E-60
 699   301  6.890E433     9.870E324     6.800E758     2.59E-60
 700   300  1.426E434     1.981E324     2.825E758     1.08E-60
 701   299  2.950E434     3.964E323     1.169E758     4.46E-61
 702   298  6.097E434     7.912E322     4.824E757     1.84E-61
 703   297  1.259E435     1.575E322     1.983E757     7.57E-62
 704   296  2.599E435     3.127E321     8.127E756     3.10E-62
 705   295  5.361E435     6.191E320     3.319E756     1.27E-62
 706   294  1.105E436     1.222E320     1.350E756     5.15E-63
 707   293  2.275E436     2.407E319     5.477E755     2.09E-63
 708   292  4.682E436     4.727E318     2.213E755     8.45E-64
 709   291  9.628E436     9.258E317     8.914E754     3.40E-64
 710   290  1.979E437     1.808E317     3.577E754     1.36E-64
 711   289  4.063E437     3.521E316     1.431E754     5.46E-65
 712   288  8.337E437     6.839E315     5.702E753     2.18E-65
 713   287  1.709E438     1.325E315     2.264E753     8.64E-66
 714   286  3.503E438     2.558E314     8.961E752     3.42E-66
 715   285  7.172E438     4.927E313     3.534E752     1.35E-66
 716   284  1.467E439     9.462E312     1.389E752     5.30E-67
 717   283  3.000E439     1.812E312     5.437E751     2.07E-67
 718   282  6.130E439     3.460E311     2.121E751     8.09E-68
 719   281  1.252E440     6.589E310     8.247E750     3.15E-68
 720   280  2.554E440     1.251E310     3.195E750     1.22E-68
 721   279  5.207E440     2.368E309     1.233E750     4.71E-69
 722   278  1.061E441     4.471E308     4.742E749     1.81E-69
 723   277  2.160E441     8.415E307     1.817E749     6.93E-70
 724   276  4.394E441     1.579E307     6.939E748     2.65E-70
 725   275  8.934E441     2.955E306     2.640E748     1.01E-70
 726   274  1.815E442     5.513E305     1.001E748     3.82E-71
 727   273  3.685E442     1.025E305     3.779E747     1.44E-71
 728   272  7.476E442     1.902E304     1.422E747     5.43E-72
 729   271  1.516E443     3.517E303     5.331E746     2.03E-72
 730   270  3.071E443     6.483E302     1.991E746     7.60E-73
 731   269  6.218E443     1.192E302     7.409E745     2.83E-73
 732   268  1.258E444     2.184E301     2.747E745     1.05E-73
 733   267  2.543E444     3.989E300     1.015E745     3.87E-74
 734   266  5.139E444     7.265E299     3.733E744     1.42E-74
 735   265  1.038E445     1.319E299     1.369E744     5.22E-75
 736   264  2.093E445     2.388E298     4.999E743     1.91E-75
 737   263  4.221E445     4.309E297     1.819E743     6.94E-76
 738   262  8.505E445     7.751E296     6.592E742     2.52E-76
 739   261  1.712E446     1.390E296     2.380E742     9.08E-77
 740   260  3.446E446     2.485E295     8.562E741     3.27E-77
 741   259  6.929E446     4.428E294     3.068E741     1.17E-77
 742   258  1.392E447     7.866E293     1.095E741     4.18E-78
 743   257  2.796E447     1.393E293     3.894E740     1.49E-78
 744   256  5.610E447     2.459E292     1.379E740     5.26E-79
 745   255  1.125E448     4.326E291     4.867E739     1.86E-79
 746   254  2.255E448     7.587E290     1.711E739     6.53E-80
 747   253  4.515E448     1.326E290     5.988E738     2.28E-80
 748   252  9.037E448     2.311E289     2.088E738     7.97E-81
 749   251  1.807E449     4.013E288     7.253E737     2.77E-81
 750   250  3.612E449     6.947E287     2.510E737     9.58E-82
 751   249  7.215E449     1.199E287     8.648E736     3.30E-82
 752   248  1.440E450     2.061E286     2.968E736     1.13E-82
 753   247  2.873E450     3.533E285     1.015E736     3.87E-83
 754   246  5.726E450     6.034E284     3.455E735     1.32E-83
 755   245  1.141E451     1.027E284     1.172E735     4.47E-84
 756   244  2.271E451     1.743E283     3.958E734     1.51E-84
 757   243  4.518E451     2.947E282     1.331E734     5.08E-85
 758   242  8.982E451     4.966E281     4.461E733     1.70E-85
 759   241  1.784E452     8.341E280     1.488E733     5.68E-86
 760   240  3.543E452     1.396E280     4.946E732     1.89E-86
 761   239  7.030E452     2.328E279     1.637E732     6.25E-87
 762   238  1.394E453     3.869E278     5.394E731     2.06E-87
 763   237  2.763E453     6.409E277     1.770E731     6.76E-88
 764   236  5.471E453     1.058E277     5.787E730     2.21E-88
 765   235  1.083E454     1.739E276     1.883E730     7.19E-89
 766   234  2.141E454     2.851E275     6.104E729     2.33E-89
 767   233  4.233E454     4.655E274     1.970E729     7.52E-90
 768   232  8.361E454     7.574E273     6.332E728     2.42E-90
 769   231  1.650E455     1.228E273     2.027E728     7.73E-91
 770   230  3.256E455     1.984E272     6.458E727     2.46E-91
 771   229  6.419E455     3.193E271     2.049E727     7.82E-92
 772   228  1.265E456     5.120E270     6.474E726     2.47E-92
 773   227  2.490E456     8.180E269     2.037E726     7.77E-93
 774   226  4.899E456     1.302E269     6.380E725     2.43E-93
 775   225  9.634E456     2.065E268     1.990E725     7.59E-94
 776   224  1.893E457     3.263E267     6.178E724     2.36E-94
 777   223  3.719E457     5.137E266     1.910E724     7.29E-95
 778   222  7.298E457     8.055E265     5.879E723     2.24E-95
 779   221  1.432E458     1.258E265     1.802E723     6.87E-96
 780   220  2.806E458     1.959E264     5.496E722     2.10E-96
 781   219  5.498E458     3.037E263     1.669E722     6.37E-97
 782   218  1.076E459     4.690E262     5.048E721     1.93E-97
 783   217  2.106E459     7.215E261     1.519E721     5.80E-98
 784   216  4.118E459     1.106E261     4.553E720     1.74E-98
 785   215  8.047E459     1.688E260     1.358E720     5.18E-99
 786   214  1.571E460     2.566E259     4.033E719     1.54E-99
 787   213  3.067E460     3.887E258     1.192E719     4.55E-100
 788   212  5.982E460     5.863E257     3.508E718     1.34E-100
 789   211  1.166E461     8.809E256     1.027E718     3.92E-101
 790   210  2.272E461     1.318E256     2.995E717     1.14E-101
 791   209  4.423E461     1.965E255     8.690E716     3.32E-102
 792   208  8.606E461     2.916E254     2.510E716     9.58E-103
 793   207  1.673E462     4.311E253     7.215E715     2.75E-103
 794   206  3.252E462     6.348E252     2.064E715     7.88E-104
 795   205  6.316E462     9.307E251     5.878E714     2.24E-104
 796   204  1.226E463     1.359E251     1.666E714     6.36E-105
 797   203  2.378E463     1.976E250     4.698E713     1.79E-105
 798   202  4.610E463     2.861E249     1.319E713     5.03E-106
 799   201  8.931E463     4.125E248     3.684E712     1.41E-106
 800   200  1.729E464     5.922E247     1.024E712     3.91E-107
 801   199  3.346E464     8.467E246     2.833E711     1.08E-107
 802   198  6.471E464     1.205E246     7.799E710     2.98E-108
 803   197  1.251E465     1.708E245     2.136E710     8.15E-109
 804   196  2.416E465     2.410E244     5.823E709     2.22E-109
 805   195  4.664E465     3.387E243     1.580E709     6.03E-110
 806   194  8.998E465     4.738E242     4.263E708     1.63E-110
 807   193  1.735E466     6.598E241     1.145E708     4.37E-111
 808   192  3.343E466     9.148E240     3.058E707     1.17E-111
 809   191  6.438E466     1.263E240     8.129E706     3.10E-112
 810   190  1.239E467     1.735E239     2.150E706     8.20E-113
 811   189  2.384E467     2.373E238     5.657E705     2.16E-113
 812   188  4.582E467     3.232E237     1.481E705     5.65E-114
 813   187  8.804E467     4.380E236     3.856E704     1.47E-114
 814   186  1.690E468     5.910E235     9.991E703     3.81E-115
 815   185  3.244E468     7.937E234     2.575E703     9.82E-116
 816   184  6.222E468     1.061E234     6.601E702     2.52E-116
 817   183  1.193E469     1.412E233     1.683E702     6.42E-117
 818   182  2.284E469     1.869E232     4.270E701     1.63E-117
 819   181  4.374E469     2.463E231     1.077E701     4.11E-118
 820   180  8.369E469     3.231E230     2.704E700     1.03E-118
 821   179  1.600E470     4.217E229     6.749E699     2.58E-119
 822   178  3.059E470     5.478E228     1.676E699     6.39E-120
 823   177  5.842E470     7.081E227     4.137E698     1.58E-120
 824   176  1.115E471     9.109E226     1.016E698     3.88E-121
 825   175  2.128E471     1.166E226     2.481E697     9.47E-122
 826   174  4.057E471     1.485E225     6.025E696     2.30E-122
 827   173  7.732E471     1.882E224     1.455E696     5.55E-123
 828   172  1.473E472     2.373E223     3.494E695     1.33E-123
 829   171  2.803E472     2.977E222     8.345E694     3.18E-124
 830   170  5.333E472     3.716E221     1.982E694     7.56E-125
 831   169  1.014E473     4.614E220     4.678E693     1.79E-125
 832   168  1.927E473     5.700E219     1.098E693     4.19E-126
 833   167  3.659E473     7.006E218     2.563E692     9.78E-127
 834   166  6.945E473     8.565E217     5.948E691     2.27E-127
 835   165  1.317E474     1.042E217     1.372E691     5.24E-128
 836   164  2.498E474     1.260E216     3.147E690     1.20E-128
 837   163  4.733E474     1.516E215     7.176E689     2.74E-129
 838   162  8.964E474     1.814E214     1.626E689     6.21E-130
 839   161  1.697E475     2.160E213     3.664E688     1.40E-130
 840   160  3.209E475     2.557E212     8.205E687     3.13E-131
 841   159  6.068E475     3.010E211     1.826E687     6.97E-132
 842   158  1.146E476     3.524E210     4.041E686     1.54E-132
 843   157  2.165E476     4.103E209     8.884E685     3.39E-133
 844   156  4.087E476     4.751E208     1.942E685     7.41E-134
 845   155  7.709E476     5.470E207     4.217E684     1.61E-134
 846   154  1.453E477     6.261E206     9.100E683     3.47E-135
 847   153  2.739E477     7.127E205     1.952E683     7.45E-136
 848   152  5.158E477     8.065E204     4.160E682     1.59E-136
 849   151  9.708E477     9.074E203     8.809E681     3.36E-137
 850   150  1.826E478     1.015E203     1.853E681     7.07E-138
 851   149  3.433E478     1.129E202     3.875E680     1.48E-138
 852   148  6.452E478     1.247E201     8.048E679     3.07E-139
 853   147  1.212E479     1.371E200     1.661E679     6.34E-140
 854   146  2.274E479     1.497E199     3.405E678     1.30E-140
 855   145  4.267E479     1.625E198     6.933E677     2.65E-141
 856   144  8.000E479     1.753E197     1.402E677     5.35E-142
 857   143  1.499E480     1.880E196     2.818E676     1.08E-142
 858   142  2.808E480     2.003E195     5.624E675     2.15E-143
 859   141  5.257E480     2.121E194     1.115E675     4.25E-144
 860   140  9.835E480     2.232E193     2.195E674     8.37E-145
 861   139  1.839E481     2.333E192     4.291E673     1.64E-145
 862   138  3.437E481     2.424E191     8.331E672     3.18E-146
 863   137  6.420E481     2.502E190     1.606E672     6.13E-147
 864   136  1.199E482     2.566E189     3.075E671     1.17E-147
 865   135  2.236E482     2.614E188     5.845E670     2.23E-148
 866   134  4.170E482     2.645E187     1.103E670     4.21E-149
 867   133  7.773E482     2.659E186     2.067E669     7.89E-150
 868   132  1.448E483     2.655E185     3.845E668     1.47E-150
 869   131  2.696E483     2.633E184     7.099E667     2.71E-151
 870   130  5.017E483     2.593E183     1.301E667     4.97E-152
 871   129  9.332E483     2.537E182     2.367E666     9.03E-153
 872   128  1.735E484     2.464E181     4.275E665     1.63E-153
 873   127  3.223E484     2.377E180     7.661E664     2.92E-154
 874   126  5.985E484     2.277E179     1.363E664     5.20E-155
 875   125  1.111E485     2.165E178     2.405E663     9.18E-156
 876   124  2.061E485     2.044E177     4.212E662     1.61E-156
 877   123  3.821E485     1.916E176     7.319E661     2.79E-157
 878   122  7.080E485     1.782E175     1.262E661     4.82E-158
 879   121  1.311E486     1.646E174     2.158E660     8.24E-159
 880   120  2.427E486     1.509E173     3.663E659     1.40E-159
 881   119  4.491E486     1.373E172     6.165E658     2.35E-160
 882   118  8.305E486     1.239E171     1.029E658     3.93E-161
 883   117  1.535E487     1.111E170     1.705E657     6.50E-162
 884   116  2.835E487     9.873E168     2.800E656     1.07E-162
 885   115  5.235E487     8.709E167     4.560E655     1.74E-163
 886   114  9.661E487     7.622E166     7.364E654     2.81E-164
 887   113  1.782E488     6.618E165     1.179E654     4.50E-165
 888   112  3.285E488     5.700E164     1.872E653     7.14E-166
 889   111  6.052E488     4.870E163     2.947E652     1.12E-166
 890   110  1.115E489     4.126E162     4.599E651     1.75E-167
 891   109  2.052E489     3.467E161     7.113E650     2.71E-168
 892   108  3.774E489     2.889E160     1.091E650     4.16E-169
 893   107  6.940E489     2.388E159     1.657E649     6.32E-170
 894   106  1.275E490     1.956E158     2.495E648     9.52E-171
 895   105  2.343E490     1.589E157     3.722E647     1.42E-171
 896   104  4.301E490     1.279E156     5.503E646     2.10E-172
 897   103  7.893E490     1.021E155     8.060E645     3.08E-173
 898   102  1.448E491     8.078E153     1.169E645     4.46E-174
 899   101  2.654E491     6.334E152     1.681E644     6.41E-175
 900   100  4.862E491     4.921E151     2.392E643     9.13E-176
 901    99  8.904E491     3.788E150     3.373E642     1.29E-176
 902    98  1.630E492     2.889E149     4.709E641     1.80E-177
 903    97  2.982E492     2.183E148     6.509E640     2.48E-178
 904    96  5.452E492     1.634E147     8.908E639     3.40E-179
 905    95  9.964E492     1.211E146     1.207E639     4.61E-180
 906    94  1.820E493     8.892E144     1.619E638     6.18E-181
 907    93  3.323E493     6.465E143     2.148E637     8.20E-182
 908    92  6.064E493     4.653E142     2.822E636     1.08E-182
 909    91  1.106E494     3.316E141     3.668E635     1.40E-183
 910    90  2.017E494     2.339E140     4.717E634     1.80E-184
 911    89  3.675E494     1.633E139     6.002E633     2.29E-185
 912    88  6.692E494     1.129E138     7.553E632     2.88E-186
 913    87  1.218E495     7.717E136     9.401E631     3.59E-187
 914    86  2.217E495     5.221E135     1.157E631     4.42E-188
 915    85  4.031E495     3.494E134     1.408E630     5.37E-189
 916    84  7.327E495     2.313E133     1.695E629     6.47E-190
 917    83  1.331E496     1.514E132     2.016E628     7.69E-191
 918    82  2.417E496     9.804E130     2.370E627     9.04E-192
 919    81  4.387E496     6.276E129     2.754E626     1.05E-192
 920    80  7.959E496     3.972E128     3.161E625     1.21E-193
 921    79  1.443E497     2.484E127     3.585E624     1.37E-194
 922    78  2.616E497     1.536E126     4.017E623     1.53E-195
 923    77  4.738E497     9.380E124     4.444E622     1.70E-196
 924    76  8.579E497     5.660E123     4.856E621     1.85E-197
 925    75  1.553E498     3.374E122     5.238E620     2.00E-198
 926    74  2.808E498     1.986E121     5.578E619     2.13E-199
 927    73  5.078E498     1.155E120     5.862E618     2.24E-200
 928    72  9.176E498     6.626E118     6.080E617     2.32E-201
 929    71  1.657E499     3.754E117     6.221E616     2.37E-202
 930    70  2.992E499     2.098E116     6.279E615     2.40E-203
 931    69  5.399E499     1.158E115     6.250E614     2.38E-204
 932    68  9.739E499     6.299E113     6.134E613     2.34E-205
 933    67  1.756E500     3.381E112     5.935E612     2.26E-206
 934    66  3.164E500     1.789E111     5.660E611     2.16E-207
 935    65  5.698E500     9.335E109     5.319E610     2.03E-208
 936    64  1.026E501     4.800E108     4.924E609     1.88E-209
 937    63  1.846E501     2.432E107     4.489E608     1.71E-210
 938    62  3.319E501     1.214E106     4.031E607     1.54E-211
 939    61  5.967E501     5.970E104     3.563E606     1.36E-212
 940    60  1.072E502     2.890E103     3.099E605     1.18E-213
 941    59  1.926E502     1.377E102     2.652E604     1.01E-214
 942    58  3.457E502     6.460E100     2.233E603     8.52E-216
 943    57  6.202E502     2.981E99      1.849E602     7.05E-217
 944    56  1.112E503     1.353E98      1.505E601     5.74E-218
 945    55  1.994E503     6.036E96      1.204E600     4.59E-219
 946    54  3.573E503     2.648E95      9.459E598     3.61E-220
 947    53  6.398E503     1.141E94      7.300E597     2.79E-221
 948    52  1.145E504     4.830E92      5.532E596     2.11E-222
 949    51  2.049E504     2.008E91      4.114E595     1.57E-223
 950    50  3.665E504     8.191E89      3.002E594     1.15E-224
 951    49  6.552E504     3.279E88      2.148E593     8.20E-226
 952    48  1.171E505     1.287E87      1.507E592     5.75E-227
 953    47  2.091E505     4.956E85      1.036E591     3.95E-228
 954    46  3.732E505     1.869E84      6.977E589     2.66E-229
 955    45  6.659E505     6.907E82      4.599E588     1.76E-230
 956    44  1.188E506     2.499E81      2.967E587     1.13E-231
 957    43  2.117E506     8.844E79      1.872E586     7.14E-233
 958    42  3.772E506     3.062E78      1.155E585     4.41E-234
 959    41  6.719E506     1.036E77      6.963E583     2.66E-235
 960    40  1.196E507     3.426E75      4.098E582     1.56E-236
 961    39  2.128E507     1.106E74      2.354E581     8.98E-238
 962    38  3.785E507     3.485E72      1.319E580     5.03E-239
 963    37  6.730E507     1.071E71      7.204E578     2.75E-240
 964    36  1.196E508     3.205E69      3.832E577     1.46E-241
 965    35  2.124E508     9.341E67      1.984E576     7.57E-243
 966    34  3.771E508     2.650E66      9.991E574     3.81E-244
 967    33  6.692E508     7.306E64      4.889E573     1.87E-245
 968    32  1.187E509     1.957E63      2.323E572     8.86E-247
 969    31  2.104E509     5.087E61      1.071E571     4.08E-248
 970    30  3.729E509     1.282E60      4.781E569     1.82E-249
 971    29  6.606E509     3.130E58      2.067E568     7.89E-251
 972    28  1.170E510     7.391E56      8.645E566     3.30E-252
 973    27  2.070E510     1.687E55      3.491E565     1.33E-253
 974    26  3.662E510     3.714E53      1.360E564     5.19E-255
 975    25  6.475E510     7.884E51      5.105E562     1.95E-256

 976    24  1.144E511     1.610E50      1.843E561     7.03E-258
 977    23  2.022E511     3.160E48      6.388E559     2.44E-259
 978    22  3.570E511     5.947E46      2.123E558     8.10E-261
 979    21  6.301E511     1.072E45      6.752E556     2.58E-262
 980    20  1.112E512     1.845E43      2.051E555     7.82E-264
 981    19  1.961E512     3.026E41      5.933E553     2.26E-265
 982    18  3.456E512     4.721E39      1.631E552     6.23E-267
 983    17  6.089E512     6.982E37      4.252E550     1.62E-268
 984    16  1.072E513     9.762E35      1.047E549     3.99E-270
 985    15  1.888E513     1.285E34      2.427E547     9.26E-272
 986    14  3.322E513     1.588E32      5.276E545     2.01E-273
 987    13  5.843E513     1.833E30      1.071E544     4.09E-275
 988    12  1.027E514     1.966E28      2.020E542     7.71E-277
 989    11  1.805E514     1.948E26      3.517E540     1.34E-278
 990    10  3.171E514     1.771E24      5.617E538     2.14E-280
 991     9  5.568E514     1.465E22      8.157E536     3.11E-282
 992     8  9.771E514     1.092E20      1.067E535     4.07E-284
 993     7  1.714E515     7.235E17      1.240E533     4.73E-286
 994     6  3.006E515     4.199E15      1.262E531     4.82E-288
 995     5  5.268E515     2.091E13      1.102E529     4.20E-290
 996     4  9.230E515     8.683E10      8.015E526     3.06E-292
 997     3  1.616E516     288720400    4.667E524     1.78E-294
 998     2  2.830E516         720600    2.039E522     7.78E-297
 999     1  4.951E516           1200    5.941E519     2.27E-299
1000     0  8.660E516               1    8.660E516     3.30E-302


