#FIG 3.2
Landscape
Center
Inches
Letter  
100.00
Single
-2
1200 2
6 7140 3345 7950 3765
4 0 0 50 0 0 14 0.0000 4 180 555 7245 3480 proton\001
4 0 0 50 0 0 14 0.0000 4 195 810 7140 3720 projectile\001
-6
6 5985 5400 6525 5865
6 5985 5400 6525 5625
4 0 0 50 0 0 14 0.0000 4 150 225 6300 5625 Pb\001
4 0 0 50 0 0 14 0.0000 4 150 315 5985 5550 208\001
-6
4 0 0 50 0 0 14 0.0000 4 180 510 6015 5820 target\001
-6
1 3 0 1 0 7 50 0 10 0.000 1 0.0000 7500 4200 212 212 7500 4200 7650 4350
1 3 0 1 0 7 50 0 58 0.000 1 0.0000 4800 5400 750 750 4800 5400 5400 5850
2 1 0 2 0 7 50 0 58 0.000 0 0 -1 1 0 2
	2 1 2.00 90.00 120.00
	 4260 6075 3810 6660
2 2 0 2 0 7 50 0 -1 0.000 0 0 7 0 0 5
	 3150 3150 8850 3150 8850 6750 3150 6750 3150 3150
3 2 0 2 0 7 50 0 -1 0.000 0 0 1 3
	2 1 2.00 150.00 150.00
	 3225 3255 4395 3795 7275 4140
	 0.000 -1.000 0.000
4 0 0 50 0 0 14 0.0000 4 195 1635 7110 6645 A scattering event.\001
