#FIG 3.2
Landscape
Center
Inches
Letter  
100.00
Single
-2
1200 2
6 1740 3555 5805 6720
6 1740 3555 5805 6720
6 2024 3870 5565 6369
6 2024 3870 5565 6369
6 3465 3870 4950 4216
5 1 0 2 0 7 50 0 -1 0.000 0 0 0 0 4229.000 4072.625 4080 4185 4229 3886 4378 4185
5 1 0 2 0 7 50 0 -1 0.000 0 0 0 0 3944.000 4072.625 3795 4185 3944 3886 4093 4185
5 1 0 2 0 7 50 0 -1 0.000 0 0 0 0 4516.000 4072.625 4367 4185 4516 3886 4665 4185
6 4569 3891 4950 4216
5 1 0 2 0 7 50 0 -1 0.000 0 0 0 0 4760.072 4082.927 4631 4201 4759 3908 4935 4082
-6
6 3465 3885 3845 4210
5 1 0 2 0 7 50 0 -1 0.000 0 1 0 0 3654.928 4076.927 3784 4195 3656 3902 3480 4076
-6
-6
1 3 0 2 0 7 50 0 -1 0.000 1 0.0000 2580 5130 541 541 2580 5130 3030 5430
2 1 0 2 0 7 50 0 -1 6.000 0 0 -1 0 0 3
	 2550 5700 2550 6225 3525 6225
2 1 0 2 0 7 50 0 -1 0.000 0 0 -1 0 0 9
	 5400 5550 5550 5475 5250 5325 5550 5175 5250 5025 5550 4875
	 5250 4725 5400 4650 5400 4125
2 1 0 2 0 7 50 0 -1 0.000 0 0 -1 0 0 9
	 3525 6204 3600 6354 3750 6054 3900 6354 4050 6054 4200 6354
	 4350 6054 4425 6204 4950 6204
2 1 0 2 0 7 50 0 -1 6.000 0 0 -1 0 0 3
	 4875 6210 5400 6210 5400 5685
-6
2 1 0 2 0 7 50 0 -1 0.000 0 0 -1 0 0 2
	 5400 5775 5400 5550
-6
2 1 0 2 0 7 50 0 -1 6.000 0 0 -1 0 0 3
	 4935 4095 5400 4095 5400 4320
2 1 0 2 0 7 50 0 -1 0.000 0 0 -1 0 0 4
	 2205 5175 2430 4950 2730 5325 2955 5100
4 0 0 50 0 0 18 0.0000 4 195 195 1740 5205 V\001
4 0 0 50 0 0 18 0.0000 4 195 165 4110 3750 L\001
4 0 0 50 0 0 18 0.0000 4 195 180 3900 6720 R\001
4 0 0 50 0 0 18 0.0000 4 135 105 5700 5145 r\001
-6
2 1 0 2 0 7 50 0 -1 0.000 0 0 -1 0 0 3
	 2580 4575 2580 4050 3480 4050
-6
6 6630 3852 9570 6345
6 6630 3852 9165 6009
6 6630 3852 9154 6009
6 6638 3852 9154 6009
6 6638 3852 9154 5999
2 1 0 2 0 7 50 0 -1 6.000 0 0 -1 0 1 2
	1 1 4.00 76.23 152.46
	 9119 3871 8166 5967
2 1 0 2 0 7 50 0 -1 6.000 0 0 -1 0 1 2
	1 1 4.00 76.23 152.46
	 9135 3884 6657 5980
-6
2 1 0 2 0 7 50 0 -1 6.000 0 0 -1 1 0 2
	1 1 4.00 76.23 152.46
	 8174 5971 9127 5971
-6
2 1 0 2 0 7 50 0 -1 6.000 0 0 -1 1 0 2
	1 1 4.00 76.23 152.46
	 6649 5971 8174 5971
-6
2 1 0 2 0 7 50 0 -1 6.000 0 0 -1 0 1 2
	1 1 4.00 76.23 152.46
	 9127 3875 9127 5971
-6
6 7230 6045 7590 6345
6 7230 6045 7590 6345
4 0 0 50 0 0 18 0.0000 4 195 195 7230 6240 V\001
4 0 0 50 0 0 18 0.0000 4 195 180 7410 6345 R\001
-6
-6
6 8535 6090 8820 6345
4 0 0 50 0 0 18 0.0000 4 195 195 8535 6285 V\001
4 0 0 50 0 0 18 0.0000 4 135 105 8715 6345 r\001
-6
6 9225 4845 9570 5145
4 0 0 50 0 0 18 0.0000 4 195 195 9225 5040 V\001
4 0 0 50 0 0 18 0.0000 4 195 165 9405 5145 L\001
-6
6 7830 5190 8385 5475
4 0 0 50 0 0 18 0.0000 4 195 360 8025 5475 ind\001
4 0 0 50 0 0 18 0.0000 4 195 195 7830 5385 V\001
-6
4 0 0 50 0 0 18 0.0000 4 195 195 7710 4815 V\001
4 0 0 50 0 32 18 0.0000 4 240 165 7065 5865 f\001
-6
2 2 0 2 0 7 50 0 -1 0.000 0 0 7 0 0 5
	 1257 3000 10200 3000 10200 7065 1257 7065 1257 3000
