#FIG 3.2
Landscape
Center
Inches
Letter  
100.00
Single
-2
1200 2
6 3150 3750 4950 5550
1 3 0 2 0 7 50 0 -1 0.000 1 0.0000 4050 4650 212 212 4050 4650 4200 4800
2 1 0 2 0 7 50 0 -1 0.000 0 0 -1 0 1 2
	2 1 2.00 60.00 120.00
	 4050 4875 4050 5475
2 1 0 2 0 7 50 0 -1 0.000 0 0 -1 1 0 2
	2 1 2.00 60.00 120.00
	 4050 3825 4050 4425
2 1 0 2 0 7 50 0 -1 0.000 0 0 -1 1 0 2
	2 1 2.00 60.00 120.00
	 4875 4650 4275 4650
2 1 0 2 0 7 50 0 -1 0.000 0 0 -1 0 1 2
	2 1 2.00 60.00 120.00
	 3825 4650 3225 4650
2 1 0 2 0 7 50 0 -1 0.000 0 0 -1 0 1 2
	2 1 2.00 60.00 120.00
	 3900 4500 3450 4050
2 1 0 2 0 7 50 0 -1 0.000 0 0 -1 1 0 2
	2 1 2.00 60.00 120.00
	 4650 5250 4200 4800
2 1 0 2 0 7 50 0 -1 0.000 0 0 -1 0 1 2
	2 1 2.00 60.00 120.00
	 3900 4800 3450 5250
2 1 0 2 0 7 50 0 -1 0.000 0 0 -1 1 0 2
	2 1 2.00 60.00 120.00
	 4650 4050 4200 4500
2 1 0 2 0 7 50 0 -1 0.000 0 0 -1 0 0 2
	 3975 4650 4125 4650
-6
6 6000 3750 7800 5550
1 3 0 2 0 7 50 0 -1 0.000 1 0.0000 6900 4650 212 212 6900 4650 7050 4800
2 1 0 2 0 7 50 0 -1 0.000 0 0 -1 1 0 2
	2 1 2.00 60.00 120.00
	 6900 4875 6900 5475
2 1 0 2 0 7 50 0 -1 0.000 0 0 -1 0 1 2
	2 1 2.00 60.00 120.00
	 6900 3825 6900 4425
2 1 0 2 0 7 50 0 -1 0.000 0 0 -1 0 1 2
	2 1 2.00 60.00 120.00
	 7725 4650 7125 4650
2 1 0 2 0 7 50 0 -1 0.000 0 0 -1 1 0 2
	2 1 2.00 60.00 120.00
	 6675 4650 6075 4650
2 1 0 2 0 7 50 0 -1 0.000 0 0 -1 1 0 2
	2 1 2.00 60.00 120.00
	 6750 4500 6300 4050
2 1 0 2 0 7 50 0 -1 0.000 0 0 -1 0 1 2
	2 1 2.00 60.00 120.00
	 7500 5250 7050 4800
2 1 0 2 0 7 50 0 -1 0.000 0 0 -1 1 0 2
	2 1 2.00 60.00 120.00
	 6750 4800 6300 5250
2 1 0 2 0 7 50 0 -1 0.000 0 0 -1 0 1 2
	2 1 2.00 60.00 120.00
	 7500 4050 7050 4500
2 1 0 2 0 7 50 0 -1 0.000 0 0 -1 0 0 2
	 6825 4650 6975 4650
2 1 0 2 0 7 50 0 -1 0.000 0 0 -1 0 0 2
	 6900 4575 6900 4725
-6
