#FIG 3.2
Landscape
Center
Inches
Letter  
100.00
Single
-2
1200 2
6 1050 3300 11400 6750
1 3 0 1 0 0 50 0 20 0.000 1 0.0000 3780 6629 106 106 3780 6629 3855 6704
1 3 0 1 0 0 50 0 20 0.000 1 0.0000 2280 5054 106 106 2280 5054 2355 5129
1 3 0 1 0 0 50 0 20 0.000 1 0.0000 4530 5054 106 106 4530 5054 4605 5129
1 3 0 1 0 0 50 0 20 0.000 1 0.0000 3030 6629 106 106 3030 6629 3105 6704
1 3 0 1 0 7 50 0 -1 0.000 1 0.0000 2955 3479 168 168 2955 3479 3105 3554
1 1 0 1 0 7 50 0 -1 0.000 1 0.0000 3480 5054 105 255 3480 5054 3585 5309
2 3 0 1 0 7 50 0 -1 0.000 0 0 -1 0 0 5
	 7350 5805 10465 5805 11400 4878 8285 4878 7350 5805
2 3 0 1 0 0 50 0 0 0.000 0 0 7 0 0 5
	 8441 5302 10257 5302 10801 4762 8986 4762 8441 5302
2 2 0 1 0 7 50 0 -1 0.000 0 0 -1 0 0 5
	 1830 4229 4980 4229 4980 5954 1830 5954 1830 4229
2 1 0 1 0 7 50 0 -1 0.000 0 0 -1 0 0 4
	 3780 6629 5730 6629 5730 5054 4530 5054
2 1 0 1 0 7 50 0 -1 0.000 0 0 -1 0 0 4
	 3030 6629 1080 6629 1080 5054 2280 5054
2 1 0 1 0 7 50 0 -1 0.000 0 0 -1 0 0 3
	 1080 5054 1080 3479 2805 3479
2 1 0 1 0 7 50 0 -1 0.000 0 0 -1 0 0 113
	 3135 3464 3150 3464 3165 3464 3180 3464 3195 3464 3210 3464
	 3225 3464 3240 3464 3255 3464 3255 3479 3270 3479 3270 3494
	 3285 3494 3285 3509 3300 3524 3300 3539 3300 3554 3315 3554
	 3315 3569 3330 3569 3330 3584 3330 3599 3345 3599 3345 3614
	 3345 3629 3345 3644 3360 3644 3360 3659 3360 3674 3375 3674
	 3375 3689 3375 3704 3375 3719 3375 3734 3375 3749 3390 3749
	 3390 3764 3390 3779 3390 3794 3390 3809 3390 3824 3405 3824
	 3405 3839 3405 3854 3405 3869 3420 3869 3420 3884 3420 3899
	 3420 3914 3420 3929 3420 3944 3420 3959 3420 3974 3420 3989
	 3420 4004 3420 4019 3420 4034 3420 4049 3420 4064 3420 4079
	 3420 4094 3435 4094 3435 4109 3435 4124 3435 4139 3435 4154
	 3435 4169 3435 4184 3435 4199 3435 4214 3435 4229 3420 4229
	 3420 4244 3420 4259 3420 4274 3420 4289 3420 4304 3435 4304
	 3435 4319 3435 4334 3435 4349 3450 4349 3450 4364 3450 4379
	 3450 4394 3465 4409 3465 4424 3465 4439 3465 4454 3480 4454
	 3480 4469 3480 4484 3480 4499 3480 4514 3480 4529 3480 4544
	 3480 4559 3480 4574 3480 4589 3495 4589 3495 4604 3495 4619
	 3495 4634 3495 4649 3495 4664 3495 4679 3495 4694 3495 4709
	 3495 4724 3495 4739 3495 4754 3495 4769 3495 4784
2 1 0 1 0 7 50 0 -1 0.000 0 0 -1 0 0 2
	 3480 5339 3480 5414
2 1 0 1 0 7 50 0 -1 0.000 0 0 -1 1 0 2
	1 1 2.00 60.00 120.00
	 2805 5669 2355 5204
2 1 0 1 0 7 50 0 -1 0.000 0 0 -1 1 0 2
	1 1 2.00 60.00 120.00
	 3780 5729 4455 5204
2 1 0 1 0 7 50 0 -1 0.000 0 0 -1 1 0 2
	1 1 2.00 60.00 120.00
	 4815 3929 4590 4874
2 1 0 1 0 7 50 0 -1 0.000 0 0 -1 1 0 2
	1 1 2.00 60.00 120.00
	 4125 3914 2445 4964
2 3 0 1 0 7 50 0 10 0.000 0 0 7 0 0 5
	 8490 5010 10305 5010 10849 4470 9034 4470 8490 5010
2 3 0 1 0 7 50 0 0 0.000 0 0 7 0 0 5
	 8531 4740 10346 4740 10890 4200 9075 4200 8531 4740
4 0 0 50 0 0 14 0.0000 4 150 135 2910 3569 V\001
4 0 0 50 0 0 14 0.0000 4 195 1425 4185 3614 Metal pins make\001
4 0 0 50 0 0 14 0.0000 4 150 2025 3900 3854 contact with conductor.\001
4 0 0 50 0 0 14 0.0000 4 150 870 2865 5789 conductor\001
4 0 0 50 0 0 14 0.0000 4 195 495 3585 5399 probe\001
4 0 0 50 0 0 14 0.0000 4 105 120 3735 6464 +\001
4 0 0 50 0 0 14 0.0000 4 15 135 2970 6449 -\001
4 0 0 50 0 0 14 0.0000 4 195 945 1875 4439 conducting\001
4 0 0 50 0 0 14 0.0000 4 150 1110 1860 4619 carbon sheet\001
-6
1 3 0 2 7 7 50 0 0 0.000 1 0.0000 9045 4470 75 75 9045 4470 9090 4530
1 3 0 2 7 7 50 0 0 0.000 1 0.0000 10425 4455 75 75 10425 4455 10470 4515
