#FIG 3.2
Landscape
Center
Inches
Letter  
100.00
Single
-2
1200 2
6 7230 6045 7590 6345
6 7230 6045 7590 6345
4 0 0 50 0 0 18 0.0000 4 195 195 7230 6240 V\001
4 0 0 50 0 0 18 0.0000 4 195 180 7410 6345 R\001
-6
-6
6 8535 6090 8820 6345
4 0 0 50 0 0 18 0.0000 4 195 195 8535 6285 V\001
4 0 0 50 0 0 18 0.0000 4 135 105 8715 6345 r\001
-6
6 9225 4845 9570 5145
4 0 0 50 0 0 18 0.0000 4 195 195 9225 5040 V\001
4 0 0 50 0 0 18 0.0000 4 195 165 9405 5145 L\001
-6
6 9570 4830 10155 5160
6 9795 4830 10155 5160
4 0 0 50 0 0 18 0.0000 4 195 195 9795 5025 V\001
4 0 0 50 0 0 18 0.0000 4 195 180 9975 5160 C\001
-6
4 0 0 50 0 0 18 0.0000 4 15 150 9570 5085 -\001
-6
6 6150 6180 6510 6510
4 0 0 50 0 0 18 0.0000 4 195 195 6150 6375 V\001
4 0 0 50 0 0 18 0.0000 4 195 180 6330 6510 C\001
-6
6 6210 4020 6585 4335
4 0 0 50 0 0 18 0.0000 4 195 195 6210 4215 V\001
4 0 0 50 0 0 18 0.0000 4 195 165 6420 4335 L\001
-6
6 1530 3375 5685 6750
6 1530 3375 5505 6750
5 1 0 2 0 7 50 0 -1 0.000 0 0 0 0 5205.000 5250.000 4980 4950 5205 4875 5430 4950
6 1545 3420 5224 6720
6 1829 3775 5224 6369
6 1829 3775 5224 6369
6 2355 3775 5224 4815
5 1 0 2 0 7 50 0 -1 0.000 0 1 0 0 2755.500 3938.500 2855 4029 2756 3804 2621 3938
5 1 0 2 0 7 50 0 -1 0.000 0 0 0 0 2977.000 3934.875 2863 4021 2977 3792 3091 4021
5 1 0 2 0 7 50 0 -1 0.000 0 0 0 0 3195.500 3935.125 3081 4021 3196 3792 3310 4021
5 1 0 2 0 7 50 0 -1 0.000 0 0 0 0 3415.500 3935.125 3301 4021 3416 3792 3530 4021
5 1 0 2 0 7 50 0 -1 0.000 0 0 0 0 3603.086 3942.913 3504 4033 3602 3809 3737 3942
2 1 0 2 0 7 50 0 -1 0.000 0 0 7 0 0 3
	 4852 3941 5209 3941 5209 4114
2 1 0 2 0 7 50 0 -1 0.000 0 0 7 0 0 9
	 4838 3935 4781 4049 4666 3820 4551 4049 4436 3820 4321 4049
	 4206 3820 4148 3935 3746 3935
2 1 0 2 0 7 50 0 -1 0.000 0 0 -1 0 0 3
	 2370 4605 2370 3945 2625 3945
2 1 0 2 0 7 50 0 -1 0.000 0 0 -1 0 0 2
	 5205 4110 5205 4800
-6
1 3 0 2 0 7 50 0 -1 0.000 1 0.0000 2385 5130 541 541 2385 5130 2835 5430
2 1 0 2 0 7 50 0 -1 0.000 0 0 -1 0 0 4
	 2010 5175 2235 4950 2535 5325 2760 5100
2 1 0 2 0 7 50 0 -1 0.000 0 0 -1 0 0 2
	 5205 5775 5205 5550
2 1 0 2 0 7 50 0 -1 6.000 0 0 -1 0 0 3
	 2355 5700 2355 6225 3330 6225
2 1 0 2 0 7 50 0 -1 0.000 0 0 -1 0 0 9
	 3330 6204 3405 6354 3555 6054 3705 6354 3855 6054 4005 6354
	 4155 6054 4230 6204 4755 6204
-6
2 1 0 2 0 7 50 0 -1 6.000 0 0 -1 0 0 3
	 4680 6210 5205 6210 5205 5685
-6
4 0 0 50 0 0 18 0.0000 4 195 195 1545 5205 V\001
4 0 0 50 0 0 18 0.0000 4 195 180 3705 6720 R\001
4 0 0 50 0 0 18 0.0000 4 195 165 3150 3615 L\001
4 0 0 50 0 0 18 0.0000 4 135 105 4485 3660 r\001
-6
2 1 0 2 0 7 50 0 -1 0.000 0 0 -1 0 0 2
	 4980 4800 5430 4800
2 1 0 2 0 7 50 0 -1 0.000 0 0 -1 0 0 2
	 5205 5550 5205 5025
2 1 0 2 0 7 50 0 -1 0.000 0 0 -1 0 0 2
	 5205 4875 5205 5100
-6
4 0 0 50 0 0 18 0.0000 4 195 180 5505 4950 C\001
-6
2 1 0 2 0 7 50 0 -1 6.000 0 0 -1 0 1 2
	1 1 4.00 76.23 152.46
	 9127 3875 9127 5971
2 1 0 2 0 7 50 0 -1 6.000 0 0 -1 1 0 2
	1 1 4.00 76.23 152.46
	 6649 5971 8174 5971
2 1 0 2 0 7 50 0 -1 6.000 0 0 -1 1 0 2
	1 1 4.00 76.23 152.46
	 8174 5971 9127 5971
2 1 0 2 0 7 50 0 -1 6.000 0 0 -1 0 1 2
	1 1 4.00 76.23 152.46
	 9135 3884 6657 5980
2 1 0 2 0 7 50 0 -1 0.000 0 0 -1 1 1 2
	1 1 4.00 60.00 120.00
	1 1 4.00 60.00 120.00
	 6675 3375 6675 6525
2 1 0 2 0 7 50 0 -1 0.000 0 0 -1 0 0 1
	 8145 5970
2 1 0 2 0 7 50 0 -1 0.000 0 0 -1 0 0 1
	 8177 5975
2 1 0 2 0 7 50 0 -1 0.000 0 0 -1 0 0 1
	 8267 5975
2 1 0 2 0 7 50 0 -1 0.000 0 0 -1 0 0 1
	 8170 5968
2 1 0 2 0 7 50 0 -1 0.000 0 0 -1 0 0 1
	 8125 5975
2 2 0 2 0 7 50 0 -1 0.000 0 0 7 0 0 5
	 1257 3000 10560 3000 10560 7228 1257 7228 1257 3000
4 0 0 50 0 0 18 0.0000 4 195 195 7710 4815 V\001
4 0 0 50 0 32 18 0.0000 4 240 165 7065 5865 f\001
