#FIG 3.2
Landscape
Center
Inches
Letter  
100.00
Single
-2
1200 2
6 5070 7440 5385 7665
4 0 0 50 0 0 14 0.0000 4 150 165 5070 7590 N\001
4 0 0 50 0 0 14 0.0000 4 150 105 5280 7665 2\001
-6
6 5700 3615 5970 3840
4 0 0 50 0 0 14 0.0000 4 150 165 5700 3765 N\001
4 0 0 50 0 0 14 0.0000 4 150 105 5865 3840 1\001
-6
2 1 1 2 0 7 50 0 -1 6.000 0 0 -1 0 0 2
	 5250 5325 5250 7425
2 1 0 2 0 7 50 0 -1 6.000 0 0 -1 0 0 2
	 5850 4950 5250 6600
2 1 0 2 0 7 50 0 -1 6.000 0 0 -1 1 0 2
	1 1 4.00 60.00 120.00
	 5250 6600 4500 7650
2 2 0 2 0 7 50 0 -1 0.000 0 0 7 0 0 5
	 3750 4950 7350 4950 7350 6600 3750 6600 3750 4950
2 1 0 2 0 7 50 0 -1 0.000 0 0 -1 0 0 4
	 3750 4950 3900 4800 7500 4800 7350 4950
2 1 0 2 0 7 50 0 -1 0.000 0 0 -1 0 0 3
	 7350 6600 7500 6450 7500 4800
2 1 0 2 0 7 50 0 -1 6.000 0 0 -1 0 1 2
	1 1 4.00 90.00 180.00
	 5848 4950 6598 3900
2 1 1 2 0 7 50 0 -1 6.000 0 0 -1 0 0 2
	 5850 3900 5850 6225
4 0 0 50 0 0 14 0.0000 4 195 840 6300 6375 plexiglass\001
4 0 0 50 0 0 14 0.0000 4 150 225 4455 4140 air\001
4 0 0 50 0 0 14 0.0000 4 195 645 3795 7530 exit ray\001
4 0 0 50 0 0 14 0.0000 4 195 1005 6285 3840 incident ray\001
4 0 0 50 0 0 14 0.0000 4 105 75 5700 5700 r\001
4 0 0 50 0 0 14 0.0000 4 150 105 5355 5805 i'\001
4 0 0 50 0 0 14 0.0000 4 150 45 5985 4500 i\001
4 0 0 50 0 0 14 0.0000 4 150 135 5070 7110 r'\001
